Temperature (K)	Pressure (MPa)	Density (kg/m3)	Volume (m3/kg)	Internal Energy (kJ/mol)	Enthalpy (kJ/mol)	Entropy (J/mol*K)	Cv (J/mol*K)	Cp (J/mol*K)	Sound Spd. (m/s)	Joule-Thomson (K/MPa)	Viscosity (uPa*s)	Therm. Cond. (W/m*K)	aP (1/K)	kT (1/Pa)
295	60	294.91	0.0033909	7.565	10.829	43.647	30.767	50.629	986.23	-0.22983	37.673	0.10818	0.0026646590471	0.00573678112427
296.65	60	293.62	0.0034058	7.6342	10.913	43.929	30.799	50.635	982.79	-0.22647	37.445	0.10774	0.00266356545447	0.00579705080497
298.3	60	292.33	0.0034208	7.7033	10.996	44.21	30.832	50.64	979.41	-0.22313	37.222	0.10731	0.00266219053653	0.00585719314229
299.95	60	291.05	0.0034358	7.7724	11.08	44.489	30.867	50.645	976.08	-0.21982	37.003	0.10689	0.0026605363306	0.00591702932518
301.6	60	289.77	0.003451	7.8414	11.163	44.767	30.902	50.651	972.8	-0.21654	36.789	0.10648	0.00265888387187	0.00597724271254
303.25	60	288.51	0.0034661	7.9104	11.247	45.043	30.939	50.657	969.58	-0.21328	36.578	0.10608	0.00265691409512	0.00603677551326
304.9	60	287.24	0.0034813	7.9793	11.33	45.318	30.976	50.663	966.41	-0.21006	36.372	0.10569	0.00265493418955	0.00609674202434
306.55	60	285.99	0.0034966	8.0482	11.414	45.592	31.015	50.669	963.28	-0.20687	36.169	0.10531	0.00265261159115	0.00615622682786
308.2	60	284.74	0.003512	8.1171	11.498	45.864	31.054	50.675	960.21	-0.20371	35.971	0.10494	0.00265020308359	0.00621577490653
309.85	60	283.5	0.0035273	8.1859	11.581	46.134	31.095	50.682	957.19	-0.20058	35.776	0.10457	0.00264763697189	0.00627500122045
311.5	60	282.26	0.0035428	8.2547	11.665	46.404	31.136	50.689	954.22	-0.19748	35.585	0.10422	0.00264497239044	0.00633438619395
313.15	60	281.04	0.0035583	8.3234	11.748	46.671	31.179	50.696	951.3	-0.19442	35.398	0.10388	0.00264196920475	0.00639305413312
314.8	60	279.81	0.0035738	8.3921	11.832	46.938	31.222	50.703	948.43	-0.19139	35.214	0.10354	0.00263898685239	0.00645207103278
316.45	60	278.6	0.0035894	8.4608	11.916	47.203	31.266	50.71	945.6	-0.1884	35.034	0.10322	0.0026357636744	0.00651066347265
318.1	60	277.39	0.003605	8.5294	11.999	47.467	31.311	50.718	942.83	-0.18544	34.857	0.1029	0.00263246768492	0.00656912604172
319.75	60	276.19	0.0036207	8.598	12.083	47.729	31.357	50.726	940.1	-0.18252	34.684	0.10259	0.00262897585464	0.00662735227432
321.4	60	275	0.0036364	8.6666	12.167	47.99	31.404	50.734	937.42	-0.17964	34.514	0.10229	0.00262529547319	0.00668517856493
323.05	60	273.81	0.0036522	8.7351	12.251	48.25	31.452	50.743	934.78	-0.1768	34.347	0.10199	0.00262155884788	0.00674310222649
324.7	60	272.63	0.003668	8.8036	12.334	48.508	31.5	50.751	932.19	-0.17399	34.183	0.10171	0.00261764724336	0.00680066727179
326.35	60	271.45	0.0036839	8.8721	12.418	48.766	31.55	50.76	929.65	-0.17122	34.023	0.10143	0.00261354031285	0.0068579364538
328	60	270.29	0.0036998	8.9405	12.502	49.022	31.6	50.77	927.15	-0.16849	33.865	0.10116	0.00260942354428	0.00691496676646
329.65	60	269.12	0.0037157	9.0089	12.586	49.277	31.651	50.779	924.69	-0.16581	33.711	0.1009	0.00260514345811	0.00697201659138
331.3	60	267.97	0.0037317	9.0773	12.669	49.53	31.703	50.789	922.28	-0.16316	33.559	0.10065	0.00260067851347	0.00702841736717
332.95	60	266.83	0.0037478	9.1457	12.753	49.782	31.756	50.799	919.91	-0.16055	33.41	0.10041	0.00259601086025	0.00708441564942
334.6	60	265.69	0.0037638	9.2141	12.837	50.034	31.809	50.81	917.59	-0.15798	33.265	0.10017	0.00259143202931	0.00714046716007
336.25	60	264.55	0.00378	9.2824	12.921	50.284	31.864	50.82	915.3	-0.15546	33.122	0.099938	0.00258648914084	0.00719614120662
337.9	60	263.43	0.0037961	9.3507	13.005	50.532	31.919	50.831	913.06	-0.15297	32.981	0.099715	0.00258153539616	0.00725129394505
339.55	60	262.31	0.0038123	9.419	13.089	50.78	31.975	50.843	910.86	-0.15053	32.844	0.099499	0.00257651872144	0.00730638421486
341.2	60	261.2	0.0038285	9.4873	13.173	51.026	32.031	50.855	908.7	-0.14813	32.709	0.099291	0.00257143827426	0.00736120534001
342.85	60	260.09	0.0038448	9.5556	13.256	51.272	32.088	50.867	906.58	-0.14578	32.576	0.099089	0.00256620041877	0.00741579222777
344.5	60	258.99	0.0038611	9.6238	13.34	51.516	32.147	50.879	904.5	-0.14346	32.446	0.098894	0.0025606807894	0.00746961088464
346.15	60	257.9	0.0038774	9.6921	13.424	51.759	32.205	50.892	902.46	-0.14119	32.319	0.098706	0.00255529658226	0.00752348309722
347.8	60	256.82	0.0038938	9.7603	13.508	52.001	32.265	50.905	900.46	-0.13896	32.194	0.098525	0.00254959619376	0.00757654278003
349.45	60	255.74	0.0039102	9.8285	13.592	52.242	32.325	50.919	898.5	-0.13677	32.071	0.098351	0.00254397112143	0.00762968325483
351.1	60	254.67	0.0039266	9.8967	13.676	52.482	32.386	50.933	896.57	-0.13463	31.951	0.098183	0.00253819791709	0.00768237940525
352.75	60	253.61	0.0039431	9.9649	13.76	52.721	32.447	50.948	894.69	-0.13252	31.833	0.098021	0.00253238794574	0.00773465684908
354.4	60	252.55	0.0039596	10.033	13.844	52.959	32.51	50.962	892.83	-0.13046	31.717	0.097866	0.0025263063403	0.00778654095164
356.05	60	251.5	0.0039761	10.101	13.929	53.196	32.573	50.978	891.02	-0.12845	31.604	0.097717	0.00252031227008	0.00783812417506
357.7	60	250.46	0.0039926	10.17	14.013	53.431	32.636	50.993	889.24	-0.12647	31.492	0.097574	0.00251418158585	0.00788927840666
359.35	60	249.43	0.0040092	10.238	14.097	53.666	32.7	51.009	887.49	-0.12454	31.383	0.097438	0.00250796147622	0.00794005359091
361	60	248.4	0.0040258	10.306	14.181	53.9	32.765	51.026	885.78	-0.12266	31.276	0.097307	0.00250170506183	0.00799057478779
362.65	60	247.38	0.0040424	10.374	14.265	54.132	32.83	51.043	884.11	-0.12081	31.171	0.097182	0.00249537509777	0.00804059371532
364.3	60	246.36	0.0040591	10.442	14.349	54.364	32.896	51.06	882.47	-0.11901	31.068	0.097063	0.00248891241403	0.00809035579993
365.95	60	245.35	0.0040758	10.511	14.434	54.595	32.963	51.078	880.86	-0.11725	30.967	0.09695	0.00248239012446	0.0081396796505
367.6	60	244.35	0.0040925	10.579	14.518	54.825	33.03	51.096	879.28	-0.11553	30.868	0.096842	0.00247582089093	0.00818863656614
369.25	60	243.36	0.0041092	10.647	14.602	55.054	33.098	51.115	877.74	-0.11385	30.77	0.09674	0.00246916255995	0.00823693494981
370.9	60	242.37	0.004126	10.715	14.687	55.282	33.166	51.134	876.23	-0.11222	30.675	0.096643	0.00246247678036	0.00828517281035
372.55	60	241.39	0.0041427	10.783	14.771	55.509	33.235	51.153	874.75	-0.11062	30.582	0.096552	0.00245566647946	0.00833274801786
374.2	60	240.41	0.0041595	10.852	14.856	55.735	33.305	51.173	873.3	-0.10907	30.49	0.096466	0.00244881529481	0.0083801538399
375.85	60	239.44	0.0041763	10.92	14.94	55.96	33.375	51.194	871.88	-0.10756	30.4	0.096386	0.00244200690382	0.00842728448388
377.5	60	238.48	0.0041932	10.988	15.024	56.184	33.445	51.215	870.49	-0.10609	30.312	0.09631	0.00243511897755	0.00847396061046
379.15	60	237.53	0.00421	11.057	15.109	56.408	33.516	51.236	869.14	-0.10466	30.225	0.09624	0.002428076377	0.00851971547101
380.8	60	236.58	0.0042269	11.125	15.194	56.63	33.588	51.258	867.81	-0.10326	30.141	0.096175	0.00242102028187	0.00856544999763
382.45	60	235.64	0.0042438	11.193	15.278	56.852	33.66	51.281	866.51	-0.10191	30.058	0.096114	0.00241400467603	0.00861085352365
384.1	60	234.7	0.0042607	11.262	15.363	57.073	33.732	51.304	865.23	-0.1006	29.976	0.096059	0.00240701577552	0.00865631211533
385.75	60	233.77	0.0042777	11.33	15.447	57.293	33.805	51.327	863.99	-0.099328	29.896	0.096008	0.00239981405355	0.00870079090877
387.4	60	232.85	0.0042946	11.398	15.532	57.512	33.879	51.351	862.77	-0.098094	29.818	0.095962	0.00239260311869	0.00874484284701
389.05	60	231.93	0.0043116	11.467	15.617	57.73	33.953	51.375	861.58	-0.096898	29.741	0.095921	0.00238536228513	0.00878871811445
390.7	60	231.02	0.0043285	11.535	15.702	57.947	34.027	51.4	860.42	-0.09574	29.666	0.095885	0.00237818673923	0.0088321997966
392.35	60	230.12	0.0043455	11.604	15.787	58.164	34.102	51.425	859.28	-0.094619	29.592	0.095853	0.00237085341591	0.00887504733009
394	60	229.22	0.0043625	11.672	15.871	58.38	34.177	51.451	858.17	-0.093536	29.52	0.095825	0.00236360827942	0.00891786136881
395.65	60	228.33	0.0043796	11.741	15.956	58.595	34.253	51.478	857.09	-0.092489	29.449	0.095802	0.00235626934579	0.00895998367185
397.3	60	227.45	0.0043966	11.809	16.041	58.809	34.329	51.504	856.03	-0.091478	29.38	0.095783	0.00234883807219	0.0090015209272
398.95	60	226.57	0.0044136	11.878	16.126	59.023	34.406	51.532	854.99	-0.090503	29.312	0.095769	0.00234150956451	0.00904312091901
400.6	60	225.7	0.0044307	11.946	16.211	59.236	34.483	51.56	853.98	-0.089563	29.245	0.095758	0.00233409815627	0.00908407911615
402.25	60	224.83	0.0044478	12.015	16.296	59.448	34.56	51.588	852.99	-0.088659	29.18	0.095752	0.00232670913657	0.00912499882821
403.9	60	223.97	0.0044648	12.084	16.382	59.659	34.638	51.617	852.03	-0.087789	29.116	0.09575	0.00231927797943	0.0091651658575
405.55	60	223.12	0.0044819	12.153	16.467	59.869	34.716	51.646	851.09	-0.086952	29.053	0.095752	0.00231179052647	0.00920486735289
407.2	60	222.27	0.004499	12.221	16.552	60.079	34.795	51.676	850.17	-0.08615	28.992	0.095758	0.00230431339728	0.00924441955091
408.85	60	221.43	0.0045161	12.29	16.637	60.288	34.873	51.706	849.28	-0.08538	28.931	0.095768	0.00229687939781	0.00928353498341
410.5	60	220.59	0.0045333	12.359	16.723	60.496	34.953	51.737	848.4	-0.084643	28.873	0.095782	0.00228935564561	0.00932244103137
412.15	60	219.76	0.0045504	12.428	16.808	60.704	35.032	51.769	847.55	-0.083939	28.815	0.0958	0.00228198957753	0.00936107103774
413.8	60	218.94	0.0045675	12.497	16.893	60.911	35.112	51.8	846.72	-0.083265	28.758	0.095822	0.002274400084	0.00939873580288
415.45	60	218.12	0.0045847	12.566	16.979	61.117	35.193	51.833	845.91	-0.082623	28.703	0.095847	0.00226688484948	0.00943639798374
417.1	60	217.3	0.0046018	12.635	17.065	61.323	35.273	51.866	845.12	-0.082012	28.649	0.095876	0.00225951352472	0.00947422887314
418.75	60	216.5	0.004619	12.704	17.15	61.528	35.354	51.899	844.36	-0.081431	28.596	0.095908	0.00225190531848	0.00951058495071
420.4	60	215.7	0.0046362	12.773	17.236	61.732	35.436	51.933	843.61	-0.08088	28.544	0.095945	0.00224433218223	0.00954696069758
422.05	60	214.9	0.0046533	12.842	17.322	61.935	35.517	51.967	842.88	-0.080358	28.493	0.095984	0.00223690076875	0.00958348478127
423.7	60	214.11	0.0046705	12.912	17.407	62.138	35.599	52.002	842.17	-0.079865	28.443	0.096027	0.00222940063943	0.00961935080871
425.35	60	213.32	0.0046877	12.981	17.493	62.34	35.682	52.037	841.48	-0.0794	28.394	0.096074	0.00222181867726	0.00965481353352
427	60	212.55	0.0047049	13.05	17.579	62.542	35.764	52.073	840.81	-0.078963	28.346	0.096124	0.00221433783728	0.00968968517485
428.65	60	211.77	0.0047221	13.12	17.665	62.743	35.847	52.109	840.16	-0.078553	28.3	0.096177	0.00220682672204	0.00972459413184
430.3	60	211	0.0047393	13.189	17.751	62.943	35.93	52.146	839.52	-0.078171	28.254	0.096234	0.00219939497758	0.00975931271257
431.95	60	210.24	0.0047565	13.259	17.837	63.143	36.013	52.184	838.91	-0.077814	28.209	0.096294	0.00219198941829	0.00979336574323
433.6	60	209.48	0.0047737	13.328	17.923	63.342	36.097	52.221	838.31	-0.077484	28.165	0.096357	0.002184438499	0.00982702850471
435.25	60	208.73	0.0047909	13.398	18.009	63.54	36.181	52.26	837.73	-0.077179	28.123	0.096423	0.00217702796103	0.00986042943974
436.9	60	207.98	0.0048081	13.468	18.096	63.738	36.265	52.298	837.16	-0.076898	28.081	0.096493	0.00216956960936	0.00989370339491
438.55	60	207.24	0.0048253	13.537	18.182	63.935	36.35	52.337	836.62	-0.076643	28.04	0.096565	0.00216203867287	0.00992600160559
440.2	60	206.5	0.0048425	13.607	18.268	64.132	36.434	52.377	836.09	-0.076411	28	0.096641	0.00215473334458	0.00995881469533
441.85	60	205.77	0.0048597	13.677	18.355	64.328	36.519	52.417	835.57	-0.076203	27.961	0.09672	0.00214731806938	0.00999092155826
443.5	60	205.05	0.0048769	13.747	18.441	64.523	36.604	52.458	835.07	-0.076018	27.923	0.096801	0.0021399519868	0.01002253645794
445.15	60	204.32	0.0048942	13.817	18.528	64.718	36.69	52.499	834.59	-0.075856	27.885	0.096886	0.00213253277677	0.01005416679951
446.8	60	203.61	0.0049114	13.887	18.615	64.912	36.776	52.54	834.12	-0.075716	27.849	0.096973	0.00212506979154	0.01008484911046
448.45	60	202.9	0.0049286	13.957	18.701	65.106	36.861	52.582	833.67	-0.075597	27.813	0.097063	0.0021178031878	0.01011578508183
450.1	60	202.19	0.0049458	14.027	18.788	65.299	36.947	52.625	833.23	-0.0755	27.778	0.097156	0.00211056531087	0.01014666821855
451.75	60	201.49	0.0049631	14.098	18.875	65.492	37.034	52.668	832.81	-0.075424	27.744	0.097252	0.0021031701067	0.01017655642909
453.4	60	200.79	0.0049803	14.168	18.962	65.684	37.12	52.711	832.4	-0.075368	27.711	0.097351	0.00209592880204	0.01020674030871
455.05	60	200.1	0.0049975	14.238	19.049	65.876	37.207	52.755	832.01	-0.075332	27.678	0.097452	0.00208863820976	0.01023610641476
456.7	60	199.41	0.0050147	14.309	19.136	66.067	37.294	52.799	831.63	-0.075316	27.647	0.097556	0.0020813837978	0.01026548569332
458.35	60	198.73	0.0050319	14.38	19.223	66.257	37.381	52.844	831.26	-0.075319	27.616	0.097663	0.00207419967498	0.01029455481319
460	60	198.05	0.0050492	14.45	19.31	66.447	37.468	52.889	830.91	-0.07534	27.586	0.097772	0.00206700532935	0.01032338266315
461.65	60	197.38	0.0050664	14.521	19.398	66.636	37.555	52.935	830.57	-0.07538	27.556	0.097884	0.00205990072529	0.01035188707013
463.3	60	196.71	0.0050836	14.592	19.485	66.825	37.643	52.98	830.25	-0.075437	27.528	0.097998	0.00205262517101	0.0103796693567
464.95	60	196.05	0.0051008	14.663	19.573	67.014	37.731	53.027	829.93	-0.075512	27.5	0.098115	0.00204552911448	0.01040756107571
466.6	60	195.39	0.005118	14.734	19.66	67.202	37.819	53.074	829.63	-0.075605	27.472	0.098235	0.00203844214768	0.01043519454112
468.25	60	194.73	0.0051352	14.805	19.748	67.389	37.907	53.121	829.34	-0.075713	27.446	0.098357	0.00203138863368	0.0104628196198
469.9	60	194.08	0.0051525	14.876	19.835	67.576	37.995	53.169	829.07	-0.075838	27.42	0.098481	0.00202435774726	0.01048983987824
471.55	60	193.44	0.0051697	14.947	19.923	67.763	38.083	53.217	828.81	-0.075979	27.395	0.098608	0.00201732713661	0.01051630049811
473.2	60	192.79	0.0051869	15.018	20.011	67.949	38.172	53.265	828.55	-0.076136	27.37	0.098737	0.00201031231306	0.01054326371638
474.85	60	192.16	0.0052041	15.09	20.099	68.134	38.261	53.314	828.31	-0.076307	27.346	0.098868	0.00200328660175	0.01056905485222
476.5	60	191.52	0.0052213	15.161	20.187	68.319	38.349	53.363	828.08	-0.076494	27.323	0.099002	0.0019964373296	0.01059564671022
478.15	60	190.9	0.0052385	15.233	20.275	68.504	38.438	53.413	827.87	-0.076695	27.3	0.099138	0.00198948360213	0.0106207691746
479.8	60	190.27	0.0052557	15.304	20.363	68.688	38.527	53.463	827.66	-0.07691	27.278	0.099277	0.00198263699058	0.01064667214293
481.45	60	189.65	0.0052729	15.376	20.451	68.871	38.617	53.513	827.47	-0.077138	27.257	0.099417	0.00197565309255	0.01067144928583
483.1	60	189.03	0.00529	15.448	20.54	69.055	38.706	53.564	827.28	-0.07738	27.236	0.09956	0.00196891878252	0.01069692435218
484.75	60	188.42	0.0053072	15.52	20.628	69.237	38.795	53.615	827.11	-0.077635	27.215	0.099705	0.00196211965867	0.01072153608115
486.4	60	187.81	0.0053244	15.592	20.717	69.419	38.885	53.667	826.94	-0.077902	27.196	0.099852	0.0019553668473	0.01074628868953
488.05	60	187.21	0.0053416	15.664	20.805	69.601	38.975	53.719	826.79	-0.078182	27.177	0.1	0.00194856770036	0.0107701641364
489.7	60	186.61	0.0053588	15.736	20.894	69.783	39.065	53.771	826.65	-0.078474	27.158	0.10015	0.00194179772401	0.0107939905028
491.35	60	186.01	0.0053759	15.808	20.983	69.964	39.154	53.824	826.51	-0.078778	27.14	0.10031	0.00193527265943	0.01081850662942
493	60	185.42	0.0053931	15.88	21.072	70.144	39.244	53.877	826.39	-0.079093	27.123	0.10046	0.00192859144082	0.01084185151141
494.65	60	184.83	0.0054102	15.953	21.161	70.324	39.335	53.93	826.27	-0.079419	27.106	0.10062	0.00192188906919	0.01086512764133
496.3	60	184.25	0.0054274	16.025	21.25	70.504	39.425	53.984	826.17	-0.079756	27.09	0.10078	0.00191529532292	0.01088797263933
497.95	60	183.67	0.0054446	16.098	21.339	70.683	39.515	54.038	826.07	-0.080103	27.074	0.10094	0.00190875200096	0.01091102005307
499.6	60	183.09	0.0054617	16.171	21.428	70.862	39.605	54.092	825.99	-0.08046	27.058	0.1011	0.00190222997499	0.01093374190733
501.25	60	182.52	0.0054788	16.243	21.517	71.041	39.696	54.147	825.91	-0.080828	27.044	0.10127	0.00189569918513	0.0109559929366
502.9	60	181.95	0.005496	16.316	21.607	71.219	39.786	54.202	825.84	-0.081204	27.029	0.10144	0.00188926681794	0.01097845295026
504.55	60	181.39	0.0055131	16.389	21.696	71.396	39.877	54.257	825.78	-0.081591	27.015	0.10161	0.00188273648531	0.01099996332724
506.2	60	180.82	0.0055302	16.462	21.786	71.573	39.968	54.313	825.73	-0.081986	27.002	0.10178	0.00187636661011	0.01102221259501
507.85	60	180.27	0.0055473	16.536	21.875	71.75	40.058	54.369	825.69	-0.08239	26.989	0.10195	0.00187000703565	0.01104344504908
509.5	60	179.71	0.0055645	16.609	21.965	71.927	40.149	54.425	825.65	-0.082802	26.977	0.10212	0.00186364146515	0.01106520566397
511.15	60	179.16	0.0055816	16.682	22.055	72.103	40.24	54.482	825.62	-0.083223	26.965	0.1023	0.00185734796282	0.01108647817416
512.8	60	178.61	0.0055987	16.756	22.145	72.278	40.331	54.539	825.61	-0.083652	26.953	0.10248	0.00185105637327	0.0111074027782
514.45	60	178.07	0.0056158	16.829	22.235	72.454	40.422	54.596	825.6	-0.084089	26.942	0.10266	0.00184475960258	0.01112789195037
516.1	60	177.53	0.0056329	16.903	22.325	72.629	40.513	54.654	825.59	-0.084533	26.932	0.10284	0.00183859088261	0.011148769783
517.75	60	176.99	0.0056499	16.977	22.415	72.803	40.604	54.712	825.6	-0.084984	26.922	0.10303	0.00183243950279	0.01116929274337
519.4	60	176.46	0.005667	17.051	22.506	72.977	40.696	54.77	825.61	-0.085442	26.912	0.10321	0.00182617813208	0.01118909219201
521.05	60	175.93	0.0056841	17.125	22.596	73.151	40.787	54.828	825.63	-0.085907	26.903	0.1034	0.00182002723272	0.01120907586149
522.7	60	175.4	0.0057012	17.199	22.686	73.325	40.878	54.887	825.65	-0.086379	26.894	0.10359	0.00181400234578	0.01122944506894
524.35	60	174.88	0.0057182	17.273	22.777	73.498	40.969	54.946	825.69	-0.086857	26.885	0.10378	0.00180794183914	0.01124880851523
526	60	174.36	0.0057353	17.347	22.868	73.67	41.061	55.005	825.73	-0.087342	26.877	0.10397	0.00180182285946	0.01126807320519
527.65	60	173.84	0.0057523	17.422	22.959	73.843	41.152	55.065	825.78	-0.087832	26.87	0.10416	0.00179590891497	0.01128772090777
529.3	60	173.33	0.0057694	17.496	23.049	74.015	41.244	55.125	825.83	-0.088328	26.863	0.10436	0.00178988451424	0.01130661947779
530.95	60	172.82	0.0057864	17.571	23.14	74.187	41.335	55.185	825.89	-0.088829	26.856	0.10456	0.00178398299339	0.01132569048596
532.6	60	172.31	0.0058034	17.645	23.232	74.358	41.427	55.245	825.96	-0.089336	26.849	0.10475	0.00177801642196	0.01134438560044
534.25	60	171.81	0.0058204	17.72	23.323	74.529	41.518	55.306	826.03	-0.089848	26.843	0.10495	0.00177220658686	0.01136307167333
535.9	60	171.31	0.0058375	17.795	23.414	74.699	41.61	55.367	826.11	-0.090364	26.837	0.10516	0.00176631624105	0.01138137683317
537.55	60	170.81	0.0058545	17.87	23.506	74.87	41.701	55.428	826.2	-0.090886	26.832	0.10536	0.00176054661408	0.01139984810598
539.2	60	170.31	0.0058715	17.945	23.597	75.04	41.793	55.489	826.29	-0.091412	26.827	0.10556	0.00175473290888	0.01141821479844
540.85	60	169.82	0.0058885	18.021	23.689	75.209	41.885	55.551	826.39	-0.091943	26.822	0.10577	0.00174896725379	0.01143600715807
542.5	60	169.33	0.0059055	18.096	23.78	75.379	41.976	55.613	826.49	-0.092477	26.818	0.10598	0.0017433268064	0.01145423680062
544.15	60	168.85	0.0059224	18.171	23.872	75.548	42.068	55.675	826.61	-0.093016	26.814	0.10619	0.00173756283072	0.01147112429805
545.8	60	168.37	0.0059394	18.247	23.964	75.716	42.16	55.737	826.72	-0.093559	26.811	0.1064	0.00173184518679	0.01148844863759
547.45	60	167.89	0.0059564	18.323	24.056	75.885	42.251	55.8	826.84	-0.094105	26.807	0.10661	0.00172630962425	0.01150613382499
549.1	60	167.41	0.0059734	18.398	24.148	76.053	42.343	55.863	826.97	-0.094655	26.804	0.10682	0.001720708106	0.01152342883336
550.75	60	166.94	0.0059903	18.474	24.24	76.22	42.435	55.926	827.1	-0.095208	26.802	0.10704	0.00171510850199	0.011540193769
552.4	60	166.47	0.0060073	18.55	24.333	76.388	42.526	55.989	827.24	-0.095765	26.8	0.10725	0.00170959609531	0.01155710727561
554.05	60	166	0.0060242	18.626	24.425	76.555	42.618	56.052	827.39	-0.096325	26.798	0.10747	0.00170403194241	0.01157362549109
555.7	60	165.53	0.0060411	18.703	24.518	76.722	42.71	56.116	827.54	-0.096887	26.796	0.10769	0.00169858439235	0.01159050690463
557.35	60	165.07	0.0060581	18.779	24.61	76.888	42.802	56.18	827.69	-0.097453	26.795	0.10791	0.00169310909977	0.01160684285524
559	60	164.61	0.006075	18.856	24.703	77.054	42.893	56.244	827.85	-0.098021	26.794	0.10813	0.00168774759685	0.01162332164436
560.65	60	164.15	0.0060919	18.932	24.796	77.22	42.985	56.308	828.01	-0.098591	26.793	0.10835	0.00168234009431	0.01163968212549
562.3	60	163.7	0.0061088	19.009	24.889	77.386	43.077	56.373	828.18	-0.099164	26.792	0.10858	0.0016769758021	0.01165540961575
563.95	60	163.25	0.0061257	19.086	24.982	77.551	43.168	56.437	828.36	-0.09974	26.792	0.1088	0.00167163222118	0.011671067028
565.6	60	162.8	0.0061426	19.163	25.075	77.716	43.26	56.502	828.54	-0.10032	26.792	0.10903	0.00166632021765	0.01168680896828
567.25	60	162.35	0.0061595	19.24	25.168	77.881	43.352	56.567	828.72	-0.1009	26.793	0.10926	0.00166104407719	0.01170270009982
568.9	60	161.91	0.0061764	19.317	25.262	78.045	43.444	56.633	828.91	-0.10148	26.794	0.10949	0.00165580978075	0.01171794167816
570.55	60	161.47	0.0061932	19.394	25.355	78.209	43.535	56.698	829.1	-0.10206	26.795	0.10972	0.00165062838168	0.01173339024407
572.2	60	161.03	0.0062101	19.471	25.449	78.373	43.627	56.764	829.3	-0.10265	26.796	0.10995	0.00164544417583	0.01174863787373
573.85	60	160.59	0.006227	19.549	25.543	78.537	43.718	56.83	829.5	-0.10323	26.797	0.11018	0.0016403760039	0.01176430001666
575.5	60	160.16	0.0062438	19.626	25.637	78.7	43.81	56.895	829.7	-0.10382	26.799	0.11042	0.00163514597398	0.01177889656959
577.15	60	159.73	0.0062606	19.704	25.73	78.863	43.902	56.962	829.91	-0.10441	26.801	0.11065	0.0016300840427	0.01179376410974
578.8	60	159.3	0.0062775	19.782	25.824	79.025	43.993	57.028	830.13	-0.105	26.804	0.11089	0.00162502743481	0.0118085498765
580.45	60	158.87	0.0062943	19.86	25.919	79.188	44.085	57.094	830.35	-0.10559	26.806	0.11113	0.00161993661697	0.01182320854562
582.1	60	158.45	0.0063111	19.938	26.013	79.35	44.176	57.161	830.57	-0.10618	26.809	0.11137	0.00161498508596	0.01183773746995
583.75	60	158.03	0.0063279	20.016	26.107	79.512	44.268	57.228	830.8	-0.10678	26.812	0.11161	0.00160996651503	0.01185185013847
585.4	60	157.61	0.0063447	20.094	26.202	79.674	44.359	57.295	831.03	-0.10737	26.815	0.11185	0.00160506090891	0.01186636775476
587.05	60	157.19	0.0063615	20.173	26.296	79.835	44.451	57.362	831.26	-0.10797	26.819	0.11209	0.00160010757425	0.01188075581323
588.7	60	156.78	0.0063783	20.251	26.391	79.996	44.542	57.429	831.5	-0.10856	26.823	0.11233	0.00159519628417	0.01189450500117
590.35	60	156.37	0.0063951	20.33	26.486	80.157	44.634	57.497	831.74	-0.10916	26.827	0.11258	0.00159031289516	0.01190832733236
592	60	155.96	0.0064119	20.409	26.581	80.317	44.725	57.564	831.99	-0.10975	26.831	0.11282	0.00158544609732	0.01192205650935
593.65	60	155.55	0.0064287	20.488	26.676	80.478	44.816	57.632	832.24	-0.11035	26.836	0.11307	0.00158068618488	0.01193612651143
595.3	60	155.15	0.0064454	20.567	26.771	80.638	44.908	57.7	832.49	-0.11095	26.84	0.11332	0.00157583955842	0.01194929460098
596.95	60	154.75	0.0064622	20.646	26.866	80.798	44.999	57.768	832.75	-0.11155	26.845	0.11357	0.00157107185904	0.01196257101323
598.6	60	154.35	0.0064789	20.725	26.962	80.957	45.09	57.836	833	-0.11214	26.85	0.11382	0.00156636571433	0.01197626444833
600.25	60	153.95	0.0064957	20.805	27.057	81.116	45.181	57.904	833.27	-0.11274	26.856	0.11407	0.00156164022672	0.01198951294343
601.9	60	153.55	0.0065124	20.884	27.153	81.276	45.273	57.972	833.53	-0.11334	26.861	0.11432	0.0015568971824	0.01200291465757
603.55	60	153.16	0.0065291	20.964	27.248	81.434	45.364	58.041	833.8	-0.11394	26.867	0.11457	0.00155226790491	0.01201584743182
605.2	60	152.77	0.0065459	21.043	27.344	81.593	45.455	58.109	834.08	-0.11454	26.873	0.11482	0.00154756326624	0.01202841063121
606.85	60	152.38	0.0065626	21.123	27.44	81.751	45.546	58.178	834.35	-0.11513	26.879	0.11508	0.00154299297421	0.01204159553784
608.5	60	151.99	0.0065793	21.203	27.536	81.909	45.637	58.247	834.63	-0.11573	26.886	0.11534	0.00153843326974	0.01205461868601
610.15	60	151.61	0.006596	21.283	27.632	82.067	45.728	58.316	834.92	-0.11633	26.893	0.11559	0.00153383352198	0.01206668410819
611.8	60	151.23	0.0066127	21.364	27.729	82.225	45.819	58.385	835.2	-0.11692	26.899	0.11585	0.00152928094043	0.01207916057416
613.45	60	150.84	0.0066293	21.444	27.825	82.382	45.909	58.454	835.49	-0.11752	26.906	0.11611	0.00152487804491	0.01209253536498
615.1	60	150.47	0.006646	21.524	27.922	82.539	46	58.524	835.78	-0.11812	26.914	0.11637	0.00152038706134	0.0121043730583
616.75	60	150.09	0.0066627	21.605	28.018	82.696	46.091	58.593	836.08	-0.11871	26.921	0.11663	0.00151588286785	0.01211663922535
618.4	60	149.72	0.0066793	21.686	28.115	82.853	46.182	58.663	836.37	-0.11931	26.929	0.11689	0.00151145911373	0.01212871581369
620.05	60	149.34	0.006696	21.766	28.212	83.009	46.272	58.732	836.67	-0.1199	26.936	0.11715	0.00150708743531	0.01214148975735
621.7	60	148.97	0.0067126	21.847	28.309	83.165	46.363	58.802	836.98	-0.12049	26.944	0.11742	0.00150268249721	0.01215322641954
623.35	60	148.6	0.0067293	21.928	28.406	83.321	46.453	58.872	837.28	-0.12108	26.953	0.11768	0.00149838802523	0.01216563490857
625	60	148.24	0.0067459	22.01	28.503	83.477	46.544	58.942	837.59	-0.12168	26.961	0.11795	0.00149398683527	0.01217678927901
