Temperature(K) Pressure(MPa) Hconf(kcal/mol) dHconf Volume(A3) dV V^2(A6) dV^2 V*Hconf(A3*kcal/mol) dV*Hconf Uconf(kcal/mol) dUconf Uconf*Hconf(kcal/mol) dUconf*Hconf rho(kg/m3) drho aP(1/K) daP kT(1/MPa) dkT Cp_id(J/molK) Cp(J/molK) dCp Cv(J/molK) dCv uJT(K/MPa) duJT SS(m/s) dSS
3.0015000000e+02 5.0000000000e+01 -1.3761119909e+02 2.2800299370e-01 5.0249459414e+04 1.2516156951e+01 2.5266442672e+09 1.2595394218e+06 -6.8875549182e+06 9.9110749808e+03 -4.9923804461e+02 1.4886627662e-01 6.9022073536e+04 1.3445012107e+02 2.7143046551e+02 6.7608017023e-02 3.0383919849e-03 1.6947323929e-03 7.8569819813e-03 8.5497726083e-03 3.5782949699e+01 5.1114763131e+01 7.1770268163e+00 3.0270690988e+01 3.3485223910e+01 -1.0178415471e-01 5.9053776517e-01 8.8982547399e+02 9.0731213537e+02
3.1015000000e+02 5.0000000000e+01 -1.0869842416e+02 2.4095475059e-01 5.1807972241e+04 1.3988498452e+01 2.6859467625e+09 1.4522659800e+06 -5.6011407301e+06 1.1093125274e+04 -4.8154131229e+02 1.4968213584e-01 5.2675214531e+04 1.3225902057e+02 2.6326516114e+02 7.1083351457e-02 3.0599923452e-03 1.6932030320e-03 8.4778393597e-03 9.2504246536e-03 3.6172544410e+01 5.1392828450e+01 6.7507348915e+00 3.0518867991e+01 3.2900075065e+01 -6.0403591254e-02 6.2443710947e-01 8.6861587545e+02 8.7832690315e+02
3.2015000000e+02 5.0000000000e+01 -8.0279165559e+01 2.2113298182e-01 5.3402212243e+04 1.3414072886e+01 2.8538928767e+09 1.4351333445e+06 -4.2543985490e+06 1.0842024189e+04 -4.6459521160e+02 1.3473567694e-01 3.7634178048e+04 1.1350258316e+02 2.5540578915e+02 6.4155242402e-02 3.0051041326e-03 1.4771414513e-03 8.8821989026e-03 8.5925111960e-03 3.6587870373e+01 5.1226446690e+01 5.5972959557e+00 3.0781202993e+01 2.8118147812e+01 -4.6490851643e-02 5.8133834958e-01 8.5650264014e+02 7.5242084504e+02
3.3015000000e+02 5.0000000000e+01 -5.2291103170e+01 2.3658220963e-01 5.5032732856e+04 1.4810707526e+01 3.0309852196e+09 1.6340183350e+06 -2.8417983051e+06 1.2332836831e+04 -4.4834140531e+02 1.3970365809e-01 2.3790024770e+04 1.1341898723e+02 2.4783857629e+02 6.6699661758e-02 3.0136901397e-03 1.5058277816e-03 9.5017974324e-03 9.2029519897e-03 3.7027134726e+01 5.1510947275e+01 5.4644526092e+00 3.1083937914e+01 2.7858770499e+01 -6.3210293904e-03 6.2496746630e-01 8.3886952100e+02 7.3102640737e+02
3.4015000000e+02 5.0000000000e+01 -2.4730076809e+01 2.2414659846e-01 5.6704086459e+04 1.4695213278e+01 3.2180037558e+09 1.6692901422e+06 -1.3637842931e+06 1.2398788690e+04 -4.3280849504e+02 1.2908398847e-01 1.1049396724e+04 1.0045651484e+02 2.4053353139e+02 6.2335746239e-02 2.9539261762e-03 1.3621747887e-03 9.9525111508e-03 8.8595695552e-03 3.7488468248e+01 5.1322422730e+01 4.7818027857e+00 3.1432531195e+01 2.4569831015e+01 6.2091666868e-03 6.0188093726e-01 8.2586630419e+02 6.4623443688e+02
3.5015000000e+02 5.0000000000e+01 2.0079322117e+00 2.3159178920e-01 5.8385197849e+04 1.5586683887e+01 3.4117669605e+09 1.8242527667e+06 1.5856116649e+05 1.3599478134e+04 -4.1816882531e+02 1.3018842899e-01 -4.9073843679e+02 9.6842563538e+01 2.3360774071e+02 6.2364608533e-02 2.9052745361e-03 1.3481562192e-03 1.0400676639e-02 9.1317602048e-03 3.7969973093e+01 5.1334017492e+01 4.6180731169e+00 3.1819823068e+01 2.3611441859e+01 2.3119020885e-02 6.3044844484e-01 8.1485312453e+02 6.1789741710e+02
3.6015000000e+02 5.0000000000e+01 2.8478158300e+01 2.2750371050e-01 6.0105708792e+04 1.5827324185e+01 3.6159745860e+09 1.9061999347e+06 1.7565718301e+06 1.4141872546e+04 -4.0408048257e+02 1.2481065991e-01 -1.1150997125e+04 8.8886215124e+01 2.2692077732e+02 5.9753869960e-02 2.8963417503e-03 1.2701010206e-03 1.0969171923e-02 9.0134736352e-03 3.8469762099e+01 5.1694840248e+01 4.2916099306e+00 3.2223049783e+01 2.1800534491e+01 5.8966165826e-02 6.2276501519e-01 8.0281637962e+02 5.6346936648e+02
3.7015000000e+02 5.0000000000e+01 5.4457441042e+01 2.2980587706e-01 6.1847343863e+04 1.6407752774e+01 3.8286338650e+09 2.0331305880e+06 3.4151876836e+06 1.5100382806e+04 -3.9063510575e+02 1.2303337100e-01 -2.0919113906e+04 8.3783159322e+01 2.2053063734e+02 5.8505538811e-02 2.7994122772e-03 1.2326598389e-03 1.1199836468e-02 9.0910976747e-03 3.8985990108e+01 5.1474844577e+01 4.1449802416e+00 3.2633936504e+01 2.0674671705e+01 5.1161704357e-02 6.4218926590e-01 7.9913928893e+02 5.4117507889e+02
3.8015000000e+02 5.0000000000e+01 7.9313187706e+01 2.2192949338e-01 6.3560684020e+04 1.6283943089e+01 4.0437269163e+09 2.0735987428e+06 5.0900658001e+06 1.5373453405e+04 -3.7810963693e+02 1.1654906239e-01 -2.9641405711e+04 7.5596220212e+01 2.1458601918e+02 5.4975911254e-02 2.6770708693e-03 1.1452779599e-03 1.1290038312e-02 8.7849848303e-03 3.9516878020e+01 5.1102644324e+01 3.8637997376e+00 3.3062132376e+01 1.8816516921e+01 2.5877180355e-02 6.3557982949e-01 7.9874441979e+02 5.0445892607e+02
3.9015000000e+02 5.0000000000e+01 1.0347112126e+02 2.2587032669e-01 6.5272481548e+04 1.7009623113e+01 4.2646327133e+09 2.2259669794e+06 6.8061692039e+06 1.6483157279e+04 -3.6627087949e+02 1.1525227353e-01 -3.7546807151e+04 7.1855366019e+01 2.0895841305e+02 5.4453328080e-02 2.6515532567e-03 1.1236598961e-03 1.1763091914e-02 8.9446344778e-03 4.0060730405e+01 5.1424818855e+01 3.8285630092e+00 3.3521978732e+01 1.8103270796e+01 5.1511183008e-02 6.5166412347e-01 7.9000690325e+02 4.8175049871e+02
4.0015000000e+02 5.0000000000e+01 1.2750426809e+02 2.2648364039e-01 6.7024247988e+04 1.7552819546e+01 4.4968037613e+09 2.3577585710e+06 8.6021217589e+06 1.7374469499e+04 -3.5484455031e+02 1.1228694290e-01 -4.4887833983e+04 6.7440999392e+01 2.0349701145e+02 5.3293344235e-02 2.6372827773e-03 1.0869742374e-03 1.2298427663e-02 8.9979046239e-03 4.0615947596e+01 5.1849003104e+01 3.7640988788e+00 3.4008809751e+01 1.7201426719e+01 8.4094190787e-02 6.5657694668e-01 7.8049598928e+02 4.5307547186e+02
4.1015000000e+02 5.0000000000e+01 1.5115369794e+02 2.2769516955e-01 6.8794845611e+04 1.8092400401e+01 4.7376386023e+09 2.4946314797e+06 1.0457711928e+07 1.8343359413e+04 -3.4393745920e+02 1.0997263903e-01 -5.1633389041e+04 6.3387550856e+01 1.9825953586e+02 5.2140402005e-02 2.5705481302e-03 1.0556636583e-03 1.2598149522e-02 9.0487845290e-03 4.1181033148e+01 5.1920886653e+01 3.7308316496e+00 3.4513871110e+01 1.6364821450e+01 8.4640282875e-02 6.6983968100e-01 7.7607517568e+02 4.3419632616e+02
4.2015000000e+02 5.0000000000e+01 1.7407757684e+02 2.2744471889e-01 7.0555092667e+04 1.8551886493e+01 4.9832456415e+09 2.6231467098e+06 1.2343474004e+07 1.9203916288e+04 -3.3368142981e+02 1.0698325901e-01 -5.7738218824e+04 5.9357548616e+01 1.9331324848e+02 5.0830142911e-02 2.4813663934e-03 1.0196158535e-03 1.2765332239e-02 9.0572783924e-03 4.1754597497e+01 5.1848476915e+01 3.6890795541e+00 3.5030901509e+01 1.5503934309e+01 6.8097787087e-02 6.8159177128e-01 7.7445372674e+02 4.1878203492e+02
4.3015000000e+02 5.0000000000e+01 1.9624244686e+02 2.2756842348e-01 7.2296264602e+04 1.8944896912e+01 5.2322838970e+09 2.7441982809e+06 1.4251333868e+07 2.0082762725e+04 -3.2404713270e+02 1.0472244196e-01 -6.3247219744e+04 5.5656855730e+01 1.8865752242e+02 4.9436818535e-02 2.3977298943e-03 9.8668425621e-04 1.2889077718e-02 9.0331221933e-03 4.2335358603e+01 5.1873727210e+01 3.6599381793e+00 3.5558413107e+01 1.4770628630e+01 5.1445921960e-02 6.9260074774e-01 7.7455909316e+02 4.0585354309e+02
4.4015000000e+02 5.0000000000e+01 2.1789637189e+02 2.2959660790e-01 7.4029809441e+04 1.9353754061e+01 5.4863171360e+09 2.8712036847e+06 1.6197751487e+07 2.1125473164e+04 -3.1486889116e+02 1.0396585430e-01 -6.8261757075e+04 5.2453273626e+01 1.8423975778e+02 4.8166150736e-02 2.3482008777e-03 9.6289783121e-04 1.3124685326e-02 9.0193353393e-03 4.2922140237e+01 5.2197283012e+01 3.6643945275e+00 3.6095650529e+01 1.4244351371e+01 5.5984736867e-02 7.0352558863e-01 7.7332203538e+02 3.9261673705e+02
4.5015000000e+02 5.0000000000e+01 2.3935338487e+02 2.3365594655e-01 7.5778733164e+04 2.0032533625e+01 5.7487681535e+09 3.0428969798e+06 1.8208737617e+07 2.2408978330e+04 -3.0599823785e+02 1.0315465752e-01 -7.2890696533e+04 5.0068090176e+01 1.7998762437e+02 4.7580739170e-02 2.3215732672e-03 9.4915121836e-04 1.3486703897e-02 9.1295166975e-03 4.3513868512e+01 5.2669102982e+01 3.7112058833e+00 3.6635004724e+01 1.3899724140e+01 7.6247747703e-02 7.1820624730e-01 7.6958324040e+02 3.8149799338e+02
4.6015000000e+02 5.0000000000e+01 2.6056999282e+02 2.3607686264e-01 7.7542517460e+04 2.0754339672e+01 6.0196197602e+09 3.2259234670e+06 2.0279477664e+07 2.3612861930e+04 -2.9747493563e+02 1.0078949807e-01 -7.7163422204e+04 4.7805420366e+01 1.7589362078e+02 4.7078120123e-02 2.2749179328e-03 9.3071500213e-04 1.3758235839e-02 9.2529784246e-03 4.4109567143e+01 5.2959453141e+01 3.7433983380e+00 3.7172838012e+01 1.3488817960e+01 8.0603814090e-02 7.3234562446e-01 7.6727750726e+02 3.7298572927e+02
4.7015000000e+02 5.0000000000e+01 2.8128506540e+02 2.4020847851e-01 7.9299375193e+04 2.1631097530e+01 6.2955271422e+09 3.4389872678e+06 2.2382484993e+07 2.5038377710e+04 -2.8940332085e+02 9.9019063517e-02 -8.1060788761e+04 4.6037558225e+01 1.7199674180e+02 4.6916867728e-02 2.2035446794e-03 9.2004284060e-04 1.3863720469e-02 9.4395994352e-03 4.4708351853e+01 5.3070909126e+01 3.8057376172e+00 3.7712327371e+01 1.3190338106e+01 6.3263740747e-02 7.5601985892e-01 7.6822173347e+02 3.7190612305e+02
4.8015000000e+02 5.0000000000e+01 3.0139462408e+02 2.4955877722e-01 8.1036691363e+04 2.2952517837e+01 6.5744326176e+09 3.7302994725e+06 2.4503229832e+07 2.7067462105e+04 -2.8179658656e+02 9.8932686318e-02 -8.4593206740e+04 4.5303545497e+01 1.6830936617e+02 4.7671291415e-02 2.1334569145e-03 9.2909264265e-04 1.3937396848e-02 9.8093512732e-03 4.5309424258e+01 5.3205199435e+01 3.9493202747e+00 3.8259174553e+01 1.3187694675e+01 4.3674757734e-02 7.9614774678e-01 7.6995308688e+02 3.7935220719e+02
4.9015000000e+02 5.0000000000e+01 3.2103329883e+02 2.6482792880e-01 8.2762878103e+04 2.4738185217e+01 6.8576065395e+09 4.1060648145e+06 2.6652071009e+07 2.9798754518e+04 -2.7458064178e+02 1.0131764189e-01 -8.7812746217e+04 4.5407435457e+01 1.6479893489e+02 4.9259120375e-02 2.0861988501e-03 9.5765454322e-04 1.4127604344e-02 1.0356730851e-02 4.5912065491e+01 5.3516352210e+01 4.1788575862e+00 3.8817329822e+01 1.3455691181e+01 4.1018867341e-02 8.5080168885e-01 7.6951831499e+02 3.9044065333e+02
5.0015000000e+02 5.0000000000e+01 3.4040056610e+02 2.8085746648e-01 8.4493213521e+04 2.6452504518e+01 7.1474927923e+09 4.4789206608e+06 2.8847711109e+07 3.2645586581e+04 -2.6766596099e+02 1.0511854535e-01 -9.0776711951e+04 4.5258399852e+01 1.6142401966e+02 5.0537426988e-02 2.0516739593e-03 9.8466626833e-04 1.4379344963e-02 1.0848843246e-02 4.6515629773e+01 5.3934903612e+01 4.4069144727e+00 3.9384311368e+01 1.3690145459e+01 4.8174484255e-02 9.0371029098e-01 7.6810341365e+02 3.9764193745e+02
5.1015000000e+02 5.0000000000e+01 3.5949391934e+02 2.8946456204e-01 8.6224715789e+04 2.7428640309e+01 7.4435076921e+09 4.7346345986e+06 3.1086513986e+07 3.4671331371e+04 -2.6103359162e+02 1.0723542316e-01 -9.3504933657e+04 4.3885582223e+01 1.5818241945e+02 5.0318851696e-02 2.0014862123e-03 9.8333551380e-04 1.4500056822e-02 1.1023181303e-02 4.7119538098e+01 5.4248553523e+01 4.5118571100e+00 3.9954804790e+01 1.3540860430e+01 3.9368208580e-02 9.3470294400e-01 7.6938836730e+02 3.9710333978e+02
5.2015000000e+02 5.0000000000e+01 3.7814487456e+02 2.9018316891e-01 8.7939019694e+04 2.7702394599e+01 7.7424159336e+09 4.8746400150e+06 3.3345189109e+07 3.5801628790e+04 -2.5471984999e+02 1.0691757006e-01 -9.5990390939e+04 4.1632364851e+01 1.5509877421e+02 4.8858941800e-02 1.9352522951e-03 9.5605627785e-04 1.4480326077e-02 1.0916555998e-02 4.7723272124e+01 5.4442432863e+01 4.4953895621e+00 4.0527278029e+01 1.3054991400e+01 1.2579988117e-02 9.4379735914e-01 7.7339558873e+02 3.9075083341e+02
5.3015000000e+02 5.0000000000e+01 3.9632166858e+02 2.8892251979e-01 8.9631176929e+04 2.7861192403e+01 8.0432759168e+09 4.9980575795e+06 3.5616933423e+07 3.6736334084e+04 -2.4872088813e+02 1.0553024159e-01 -9.8246134661e+04 3.9547431925e+01 1.5217064673e+02 4.7301126817e-02 1.8808236675e-03 9.2467144914e-04 1.4523204370e-02 1.0773273117e-02 4.8326368377e+01 5.4715553692e+01 4.4531766913e+00 4.1101967104e+01 1.2537762926e+01 -5.5516577068e-03 9.4496464318e-01 7.7611741402e+02 3.8152496910e+02
5.4015000000e+02 5.0000000000e+01 4.1421362892e+02 2.9014231446e-01 9.1318444891e+04 2.8336179097e+01 8.3491040465e+09 5.1808232271e+06 3.7923455080e+07 3.8036332298e+04 -2.4297157365e+02 1.0409865236e-01 -1.0031459428e+05 3.8207108599e+01 1.4935902792e+02 4.6346213736e-02 1.8530465537e-03 9.0328854342e-04 1.4751044197e-02 1.0756078232e-02 4.8928412804e+01 5.5182180221e+01 4.4532330113e+00 4.1676894919e+01 1.2183980877e+01 1.7967493131e-03 9.4954909203e-01 7.7521939346e+02 3.7190061118e+02
5.5015000000e+02 5.0000000000e+01 4.3201678139e+02 2.9282836513e-01 9.3019159187e+04 2.8967094078e+01 8.6632033129e+09 5.3944272652e+06 4.0288634170e+07 3.9549430711e+04 -2.3740783537e+02 1.0271211228e-01 -1.0223454916e+05 3.7281484334e+01 1.4662822454e+02 4.5661491804e-02 1.8373877612e-03 8.8715620065e-04 1.5058364951e-02 1.0795383360e-02 4.9529035705e+01 5.5744395071e+01 4.4750669392e+00 4.2249847567e+01 1.1924648269e+01 2.1273378259e-02 9.5627362201e-01 7.7301929289e+02 3.6273415251e+02
5.6015000000e+02 5.0000000000e+01 4.4974323756e+02 2.9455219568e-01 9.4732953802e+04 2.9461701935e+01 8.9855111096e+09 5.5864234310e+06 4.2712462499e+07 4.0933396010e+04 -2.3201492761e+02 1.0137134273e-01 -1.0401664643e+05 3.6384997157e+01 1.4397560313e+02 4.4776037642e-02 1.8107462252e-03 8.6831325873e-04 1.5258004961e-02 1.0782586213e-02 5.0127907074e+01 5.6233065553e+01 4.4795589582e+00 4.2820748097e+01 1.1645091253e+01 2.8314394126e-02 9.6157264959e-01 7.7317076745e+02 3.5537766192e+02
5.7015000000e+02 5.0000000000e+01 4.6724926296e+02 2.9563623746e-01 9.6443287619e+04 2.9874584590e+01 9.3129060643e+09 5.7676279394e+06 4.5173030131e+07 4.2240011791e+04 -2.2681754454e+02 1.0047831698e-01 -1.0565151869e+05 3.5758259791e+01 1.4142232702e+02 4.3807437258e-02 1.7652308681e-03 8.4828115151e-04 1.5277468059e-02 1.0742529457e-02 5.0724732332e+01 5.6581924254e+01 4.4736896975e+00 4.3390437163e+01 1.1362017172e+01 1.2923827107e-02 9.6863066748e-01 7.7688576153e+02 3.5219344819e+02
5.8015000000e+02 5.0000000000e+01 4.8440156222e+02 3.0075878618e-01 9.8134611460e+04 3.0710865063e+01 9.6423537200e+09 6.0395482469e+06 4.7648929269e+07 4.4193252224e+04 -2.2183707982e+02 1.0147760581e-01 -1.0713230025e+05 3.6084240290e+01 1.3898495095e+02 4.3494828287e-02 1.7120078505e-03 8.4092455499e-04 1.5204981743e-02 1.0858717429e-02 5.1319248454e+01 5.6867458716e+01 4.5314670509e+00 4.3959157707e+01 1.1258563391e+01 -1.3758854878e-02 9.9130115155e-01 7.8240278690e+02 3.5675829029e+02
5.9015000000e+02 5.0000000000e+01 5.0120509191e+02 3.2305869177e-01 9.9806002894e+04 3.3337641085e+01 9.9735948952e+09 6.6891907023e+06 5.0138514530e+07 4.8920152851e+04 -2.1706193846e+02 1.0797463739e-01 -1.0846842607e+05 3.8618603058e+01 1.3665745311e+02 4.5646924945e-02 1.6682860507e-03 8.8217567731e-04 1.5194959928e-02 1.1606389990e-02 5.1911220474e+01 5.7215958843e+01 4.8546080620e+00 4.4526545860e+01 1.1808114516e+01 -3.1721789734e-02 1.0707945203e+00 7.8665199129e+02 3.8056588726e+02
6.0015000000e+02 5.0000000000e+01 5.1777675371e+02 3.9307548153e-01 1.0146962797e+05 4.1074182598e+01 1.0308969543e+10 8.4332558987e+06 5.2657713795e+07 6.1628518903e+04 -2.1246277338e+02 1.2729285298e-01 -1.0968514174e+05 4.6163168078e+01 1.3441691305e+02 5.4411008906e-02 1.6398750756e-03 1.0525172627e-03 1.5324151322e-02 1.4107499970e-02 5.2500438338e+01 5.7661201735e+01 5.9108767502e+00 4.5091587293e+01 1.4066292938e+01 -3.2763184510e-02 1.3107312335e+00 7.8791416524e+02 4.5676514397e+02
3.0015000000e+02 6.0000000000e+01 -1.2746453178e+02 2.7707465154e-01 4.6938227646e+04 1.3040324863e+01 2.2043361599e+09 1.2255937672e+06 -5.9608480575e+06 1.1587128394e+04 -5.3282108836e+02 1.8339590617e-01 6.8219818608e+04 1.7097319953e+02 2.9057838023e+02 8.0728154140e-02 2.6312705458e-03 2.0821747980e-03 5.8553737732e-03 8.9067398835e-03 3.5782949699e+01 5.0062290672e+01 9.2701630707e+00 3.0468322435e+01 4.3761486459e+01 -2.3183529016e-01 6.9921542614e-01 9.8270264831e+02 1.3509661505e+03
3.1015000000e+02 6.0000000000e+01 -9.9792809488e+01 2.5284197358e-01 4.8196211985e+04 1.2461816044e+01 2.3241724773e+09 1.2013953396e+06 -4.7851696008e+06 1.1024997398e+04 -5.1601326582e+02 1.5695897264e-01 5.1812099465e+04 1.4662572566e+02 2.8299390343e+02 7.3172098408e-02 2.6555865290e-03 1.7887532362e-03 6.2875604648e-03 8.2330892435e-03 3.6172544410e+01 5.0471592202e+01 7.5947845802e+00 3.0751705730e+01 3.7179710165e+01 -1.9809394283e-01 6.3146167168e-01 9.6041574357e+02 1.1274153710e+03
3.2015000000e+02 6.0000000000e+01 -7.2523632683e+01 1.9776078708e-01 4.9479202531e+04 1.0314032280e+01 2.4496203220e+09 1.0200202001e+06 -3.5623074558e+06 9.0857637741e+03 -4.9982394132e+02 1.1972948429e-01 3.6569227917e+04 1.0766663249e+02 2.7565590112e+02 5.7460987990e-02 2.5902147445e-03 1.3270028198e-03 6.5331684428e-03 6.5987853681e-03 3.6587870373e+01 5.0163991150e+01 5.3934943339e+00 3.1030031051e+01 2.7236566489e+01 -1.9808603512e-01 5.0011944808e-01 9.4745667832e+02 8.3642402173e+02
3.3015000000e+02 6.0000000000e+01 -4.6010604837e+01 2.0148958444e-01 5.0768993318e+04 1.0474904058e+01 2.5790830821e+09 1.0654943487e+06 -2.3076537612e+06 9.8095812393e+03 -4.8444949238e+02 1.2078645494e-01 2.2616814530e+04 1.0299074376e+02 2.6865283845e+02 5.5429751978e-02 2.5697023856e-03 1.2895486577e-03 6.8811177835e-03 6.5065999071e-03 3.7027134726e+01 5.0256443237e+01 5.0501024496e+00 3.1337472870e+01 2.5372204804e+01 -1.8014554590e-01 5.1317684978e-01 9.3140523933e+02 7.6268343681e+02
3.4015000000e+02 6.0000000000e+01 -1.9755967501e+01 2.0096126139e-01 5.2090663817e+04 1.0980904731e+01 2.7152181295e+09 1.1448327833e+06 -9.9839979303e+05 1.0269635593e+04 -4.6960874579e+02 1.1592523463e-01 9.6123252390e+03 9.6864735967e+01 2.6183644363e+02 5.5196091430e-02 2.5634133991e-03 1.2245311848e-03 7.2797970721e-03 6.6169478069e-03 3.7488468248e+01 5.0495064943e+01 4.6711161447e+00 3.1683307358e+01 2.3794438204e+01 -1.5537754219e-01 5.1204158188e-01 9.1439644490e+02 7.0990534315e+02
3.5015000000e+02 6.0000000000e+01 6.0929595737e+00 1.9784050906e-01 5.3434043868e+04 1.1013526037e+01 2.8571583652e+09 1.1784887583e+06 3.5849638778e+05 1.0658864944e+04 -4.5536119225e+02 1.1294610873e-01 -2.4347214565e+03 8.9498216998e+01 2.5525363930e+02 5.2611451407e-02 2.5290413015e-03 1.1531371123e-03 7.5926486213e-03 6.4488785789e-03 3.7969973093e+01 5.0588678809e+01 4.3064505761e+00 3.2050302445e+01 2.1814011642e+01 -1.4219520884e-01 5.0797464841e-01 9.0246003892e+02 6.4563613502e+02
3.6015000000e+02 6.0000000000e+01 3.1539096023e+01 2.0410236338e-01 5.4795895180e+04 1.1686469587e+01 3.0047490043e+09 1.2823358951e+06 1.7635791776e+06 1.1551755159e+04 -4.4167594635e+02 1.1316438027e-01 -1.3583932717e+04 8.6921665430e+01 2.4890977902e+02 5.3085665500e-02 2.5039795498e-03 1.1387073023e-03 7.9234255947e-03 6.6528854499e-03 3.8469762099e+01 5.0811904403e+01 4.2026280497e+00 3.2443941389e+01 2.1157806056e+01 -1.2454852845e-01 5.2617657055e-01 8.9112465680e+02 6.2206333856e+02
3.7015000000e+02 6.0000000000e+01 5.6533695538e+01 1.9771484568e-01 5.6171594151e+04 1.1660485309e+01 3.1575950627e+09 1.3110330406e+06 3.2130499499e+06 1.1742284393e+04 -4.2856182520e+02 1.0772038143e-01 -2.3880528987e+04 7.9184286973e+01 2.4281372759e+02 5.0404941256e-02 2.4495027860e-03 1.0576961266e-03 8.1761513402e-03 6.4573830362e-03 3.8985990108e+01 5.0816206022e+01 3.8842016489e+00 3.2869595554e+01 1.9262486421e+01 -1.2132607191e-01 5.1491228117e-01 8.8245559205e+02 5.6852849898e+02
3.8015000000e+02 6.0000000000e+01 8.0886227962e+01 2.0092436435e-01 5.7549887287e+04 1.2115077700e+01 3.3145458403e+09 1.3966425001e+06 4.6947784080e+06 1.2522696876e+04 -4.1611217424e+02 1.0712809788e-01 -3.3307991867e+04 7.5548904961e+01 2.3699845131e+02 4.9891577340e-02 2.4072631307e-03 1.0330553843e-03 8.4631381597e-03 6.5352049176e-03 3.9516878020e+01 5.0931741802e+01 3.7979471408e+00 3.3312137548e+01 1.8383056653e+01 -1.1280718908e-01 5.2769513878e-01 8.7308101455e+02 5.4138177066e+02
3.9015000000e+02 6.0000000000e+01 1.0495682083e+02 2.0069617232e-01 5.8949632801e+04 1.2464525959e+01 3.4778712020e+09 1.4710900030e+06 6.2299570751e+06 1.3093727445e+04 -4.0412972466e+02 1.0425731734e-01 -4.2059442212e+04 7.1088369200e+01 2.3137097743e+02 4.8921925674e-02 2.3997494656e-03 9.9241029220e-04 8.8556114594e-03 6.5496787809e-03 4.0060730405e+01 5.1366961706e+01 3.6776107594e+00 3.3775296599e+01 1.7399906593e+01 -8.6034949189e-02 5.2711774598e-01 8.6154632862e+02 5.0665906266e+02
4.0015000000e+02 6.0000000000e+01 1.2882836880e+02 2.0119698933e-01 6.0374330345e+04 1.2770124011e+01 3.6481196013e+09 1.5441288659e+06 7.8234405349e+06 1.3743744497e+04 -3.9256180466e+02 1.0246031262e-01 -5.0213170856e+04 6.6876432992e+01 2.2591114605e+02 4.7783773901e-02 2.3692174546e-03 9.5868455502e-04 9.1736016484e-03 6.5437748115e-03 4.0615947596e+01 5.1639816864e+01 3.5962342281e+00 3.4252759094e+01 1.6484765988e+01 -7.1449302280e-02 5.3134131885e-01 8.5291509075e+02 4.7758610809e+02
4.1015000000e+02 6.0000000000e+01 1.5215437100e+02 2.0034299119e-01 6.1801183184e+04 1.3052045749e+01 3.8226484701e+09 1.6147003673e+06 9.4507797573e+06 1.4294314288e+04 -3.8155804347e+02 9.9508728173e-02 -5.7698507204e+04 6.2775986306e+01 2.2069535658e+02 4.6609558950e-02 2.2972031030e-03 9.2044150484e-04 9.3216217139e-03 6.5235451066e-03 4.1181033148e+01 5.1617906798e+01 3.5112811864e+00 3.4739641882e+01 1.5571094457e+01 -8.1399427905e-02 5.3606219345e-01 8.4985569850e+02 4.5758310245e+02
4.2015000000e+02 6.0000000000e+01 1.7472765806e+02 1.9666579152e-01 6.3211816771e+04 1.3052803534e+01 3.9991823076e+09 1.6517088442e+06 1.1094088179e+07 1.4631652312e+04 -3.7116692864e+02 9.6288401993e-02 -6.4497934198e+04 5.7904295091e+01 2.1577032360e+02 4.4555081413e-02 2.2203867294e-03 8.7199792705e-04 9.4047642982e-03 6.3687709562e-03 4.1754597497e+01 5.1619633592e+01 3.3895538452e+00 3.5244194638e+01 1.4536277701e+01 -9.6653165145e-02 5.3294696799e-01 8.4955959444e+02 4.3423593100e+02
4.3015000000e+02 6.0000000000e+01 1.9677465726e+02 1.9790118724e-01 6.4615734231e+04 1.3346647750e+01 4.1788816250e+09 1.7272398351e+06 1.2766520143e+07 1.5333019800e+04 -3.6124410148e+02 9.5165924214e-02 -7.0725387446e+04 5.4775345888e+01 2.1108224371e+02 4.3599912412e-02 2.1794724063e-03 8.4764800906e-04 9.6119189272e-03 6.3623290625e-03 4.2335358603e+01 5.1922523134e+01 3.3643872205e+00 3.5766597656e+01 1.3950180743e+01 -9.1483570411e-02 5.3874610555e-01 8.4587887526e+02 4.1741594737e+02
4.4015000000e+02 6.0000000000e+01 2.1859704337e+02 1.9939560631e-01 6.6032859677e+04 1.3745828021e+01 4.3643184451e+09 1.8179705964e+06 1.4489479111e+07 1.6081020723e+04 -3.5165995103e+02 9.3552447135e-02 -7.6509272955e+04 5.2082708330e+01 2.0655222607e+02 4.2997250018e-02 2.1592298710e-03 8.2612119206e-04 9.9180619953e-03 6.4038931974e-03 4.2922140237e+01 5.2365550868e+01 3.3555495225e+00 3.6295667226e+01 1.3439642664e+01 -7.3588196889e-02 5.4341723488e-01 8.3920313346e+02 4.0007672339e+02
4.5015000000e+02 6.0000000000e+01 2.4016865695e+02 2.0148114032e-01 6.7463054435e+04 1.4213082740e+01 4.5555211395e+09 1.9206794484e+06 1.6260152901e+07 1.6911172565e+04 -3.4243943913e+02 9.1934120743e-02 -8.1880511774e+04 4.9736837090e+01 2.0217338622e+02 4.2593788413e-02 2.1218465293e-03 8.0856821657e-04 1.0154080824e-02 6.4748509292e-03 4.3513868512e+01 5.2662273491e+01 3.3654009114e+00 3.6824593782e+01 1.2988933566e+01 -6.7579880988e-02 5.5226371396e-01 8.3463870229e+02 3.8803290939e+02
4.6015000000e+02 6.0000000000e+01 2.6127546873e+02 2.0392119469e-01 6.8890760633e+04 1.4704233465e+01 4.7504379277e+09 2.0288056157e+06 1.8059330519e+07 1.7787828572e+04 -3.3366223793e+02 9.0373417770e-02 -8.6818057333e+04 4.7682800789e+01 1.9798350366e+02 4.2258143666e-02 2.0652318138e-03 7.9317538225e-04 1.0284140571e-02 6.5525646199e-03 4.4109567143e+01 5.2821639820e+01 3.3844665394e+00 3.7358026024e+01 1.2588639981e+01 -7.6215441434e-02 5.6429013793e-01 8.3332704102e+02 3.8122064848e+02
4.7015000000e+02 6.0000000000e+01 2.8186475488e+02 2.0813445244e-01 7.0309095179e+04 1.5253652222e+01 4.9481189739e+09 2.1481333821e+06 1.9879821480e+07 1.8831113733e+04 -3.2532162916e+02 9.0015237402e-02 -9.1338803953e+04 4.5987214975e+01 1.9398961294e+02 4.2086305947e-02 2.0129049358e-03 7.8473840209e-04 1.0408122721e-02 6.6531380844e-03 4.4708351853e+01 5.3039946368e+01 3.4317031549e+00 3.7904227438e+01 1.2307618934e+01 -8.3621784834e-02 5.8018870207e-01 8.3249622541e+02 3.7690198694e+02
4.8015000000e+02 6.0000000000e+01 3.0207412172e+02 2.1407822506e-01 7.1724517588e+04 1.5879899576e+01 5.1494391983e+09 2.2809838614e+06 2.1731040860e+07 2.0041087505e+04 -3.1733579062e+02 9.0700505174e-02 -9.5499897168e+04 4.4662088550e+01 1.9016139277e+02 4.2101974639e-02 1.9756767476e-03 7.8215325354e-04 1.0584728628e-02 6.7815235607e-03 4.5309424258e+01 5.3399450195e+01 3.5043505743e+00 3.8461961221e+01 1.2137446978e+01 -8.1170060255e-02 5.9823237317e-01 8.3052295618e+02 3.7297416945e+02
4.9015000000e+02 6.0000000000e+01 3.2204461002e+02 2.1855786358e-01 7.3144879497e+04 1.6380279927e+01 5.3555124857e+09 2.3987589287e+06 2.3623887418e+07 2.1135911973e+04 -3.0963148793e+02 9.1099769888e-02 -9.9353521085e+04 4.3059614185e+01 1.8646874879e+02 4.1758361267e-02 1.9464957137e-03 7.7385608974e-04 1.0786263166e-02 6.8515387720e-03 4.5912065491e+01 5.3835312533e+01 3.5519254131e+00 3.9022763305e+01 1.1901866726e+01 -7.3391882188e-02 6.1067619764e-01 8.2820161885e+02 3.6561672288e+02
5.0015000000e+02 6.0000000000e+01 3.4179808105e+02 2.2085965866e-01 7.4570652208e+04 1.6738613691e+01 5.5664234760e+09 2.4985847464e+06 2.5559017060e+07 2.2049986188e+04 -3.0219092997e+02 9.0686154194e-02 -1.0292537919e+05 4.1196247444e+01 1.8290351172e+02 4.1055712062e-02 1.9129519470e-03 7.5840844792e-04 1.0955398183e-02 6.8608740913e-03 4.6515629773e+01 5.4234035314e+01 3.5661366876e+00 3.9580947616e+01 1.1572780973e+01 -6.9925148167e-02 6.1777365082e-01 8.2692812007e+02 3.5664973170e+02
5.1015000000e+02 6.0000000000e+01 3.6124809946e+02 2.2142188620e-01 7.5995244085e+04 1.7026232548e+01 5.7812043183e+09 2.5902614017e+06 2.7526666262e+07 2.2824125286e+04 -2.9504362700e+02 8.9484105056e-02 -1.0622244798e+05 3.9376501247e+01 1.7947483852e+02 4.0210152279e-02 1.8708226219e-03 7.3835133657e-04 1.1073417385e-02 6.8422379930e-03 4.7119538098e+01 5.4550619180e+01 3.5566783459e+00 4.0137803241e+01 1.1183542637e+01 -7.4718995187e-02 6.2181291288e-01 8.2695222835e+02 3.4813873725e+02
5.2015000000e+02 6.0000000000e+01 3.8032882097e+02 2.2298429941e-01 7.7413530999e+04 1.7499926228e+01 5.9990699772e+09 2.7137591068e+06 2.9518677069e+07 2.3765964410e+04 -2.8821117152e+02 8.8230259927e-02 -1.0925591635e+05 3.8263304756e+01 1.7618669481e+02 3.9828362325e-02 1.8279086447e-03 7.2371077636e-04 1.1179595525e-02 6.8996361108e-03 4.7723272124e+01 5.4853115958e+01 3.5713510508e+00 4.0698133295e+01 1.0898920864e+01 -8.1691938965e-02 6.2993094046e-01 8.2720624928e+02 3.4394547831e+02
5.3015000000e+02 6.0000000000e+01 3.9906222189e+02 2.3043886965e-01 7.8825762379e+04 1.8532712706e+01 6.2200116955e+09 2.9291997859e+06 3.1535098202e+07 2.5425225196e+04 -2.8167374132e+02 8.8654595581e-02 -1.1204779486e+05 3.8591164266e+01 1.7303015852e+02 4.0681093599e-02 1.7879096881e-03 7.2945322526e-04 1.1284688570e-02 7.1725255535e-03 4.8326368377e+01 5.5189317806e+01 3.6866191464e+00 4.1265783076e+01 1.0950896110e+01 -8.7591605285e-02 6.5526028172e-01 8.2761199326e+02 3.5061915584e+02
5.4015000000e+02 6.0000000000e+01 4.1747742419e+02 2.4795212648e-01 8.0231466668e+04 2.0367126260e+01 6.4438864901e+09 3.2795783570e+06 3.3576095950e+07 2.8286986825e+04 -2.7539814204e+02 9.2829071128e-02 -1.1461575830e+05 4.0537334412e+01 1.6999856449e+02 4.3154916278e-02 1.7470839968e-03 7.6566526853e-04 1.1361994266e-02 7.7401521513e-03 4.8928412804e+01 5.5534305152e+01 3.9597244130e+00 4.1840848324e+01 1.1464646933e+01 -9.5690712284e-02 7.0932845728e-01 8.2895417004e+02 3.7258333763e+02
5.5015000000e+02 6.0000000000e+01 4.3558749516e+02 2.7911443963e-01 8.1629405445e+04 2.3132349549e+01 6.6704533551e+09 3.7912543747e+06 3.5640644162e+07 3.2764890745e+04 -2.6936061145e+02 1.0326003364e-01 -1.1697371045e+05 4.3849832036e+01 1.6708726575e+02 4.7349616420e-02 1.7087929889e-03 8.3847340670e-04 1.1440656344e-02 8.6329743129e-03 4.9529035705e+01 5.5900881226e+01 4.4311184440e+00 4.2419428389e+01 1.2479129566e+01 -1.0289408856e-01 8.0014036818e-01 8.3028993785e+02 4.0973514420e+02
5.6015000000e+02 6.0000000000e+01 4.5344622157e+02 3.2061782579e-01 8.3023367083e+04 2.6424940629e+01 6.9003096488e+09 4.4014413458e+06 3.7733558983e+07 3.8437773584e+04 -2.6354007901e+02 1.2096686882e-01 -1.1914473567e+05 4.7722726210e+01 1.6428187195e+02 5.2288155316e-02 1.6792005595e-03 9.3250405405e-04 1.1572060012e-02 9.6819861412e-03 5.0127907074e+01 5.6324607632e+01 5.0303702328e+00 4.2996142940e+01 1.3730989654e+01 -1.0297669086e-01 9.1448633304e-01 8.3010719558e+02 4.5119430224e+02
5.7015000000e+02 6.0000000000e+01 4.7111422374e+02 3.6075461558e-01 8.4418843758e+04 2.9359246026e+01 7.1343388478e+09 4.9651174404e+06 3.9861143693e+07 4.3928903100e+04 -2.5792335463e+02 1.4364080474e-01 -1.2115510983e+05 5.1618494962e+01 1.6156622803e+02 5.6189618656e-02 1.6545117788e-03 1.0126221867e-03 1.1734184300e-02 1.0560732846e-02 5.0724732332e+01 5.6773881874e+01 5.5764361406e+00 4.3567120543e+01 1.4728805726e+01 -9.9129397914e-02 1.0191475958e+00 8.2907366591e+02 4.8207222266e+02
5.8015000000e+02 6.0000000000e+01 4.8858205414e+02 3.9061938784e-01 8.5815157060e+04 3.1487193058e+01 7.3723877765e+09 5.4061021324e+06 4.2021016927e+07 4.8224079434e+04 -2.5251402708e+02 1.6815700426e-01 -1.2301924410e+05 5.6808700053e+01 1.5893735591e+02 5.8317101328e-02 1.6250268981e-03 1.0579043459e-03 1.1851917563e-02 1.1123812349e-02 5.1319248454e+01 5.7178402699e+01 5.9541893994e+00 4.4131189356e+01 1.5245078257e+01 -1.0104561731e-01 1.0935847840e+00 8.2934626008e+02 4.9969492754e+02
5.9015000000e+02 6.0000000000e+01 5.0577290435e+02 4.0491310011e-01 8.7204857916e+04 3.3048394654e+01 7.6131320078e+09 5.7627568044e+06 4.4201614479e+07 5.0912223541e+04 -2.4732457492e+02 1.8882825604e-01 -1.2473870727e+05 6.5344017470e+01 1.5640452248e+02 5.9273284861e-02 1.5866353853e-03 1.0634409624e-03 1.1885054720e-02 1.1474267033e-02 5.1911220474e+01 5.7509923883e+01 6.1294325983e+00 4.4688473507e+01 1.5328668982e+01 -1.1351615508e-01 1.1309693861e+00 8.3204801768e+02 5.1107343494e+02
6.0015000000e+02 6.0000000000e+01 5.2262848280e+02 4.0658944964e-01 8.8581444048e+04 3.4961766911e+01 7.8553935074e+09 6.1937356236e+06 4.6393248226e+07 5.2829394176e+04 -2.4235713631e+02 1.9807543339e-01 -1.2631468480e+05 7.6274390428e+01 1.5397394236e+02 6.0771204862e-02 1.5466718632e-03 1.0489945578e-03 1.1882130958e-02 1.1937387321e-02 5.2500438338e+01 5.7828633148e+01 6.1983523472e+00 4.5239796990e+01 1.5330880588e+01 -1.2929828928e-01 1.1475815486e+00 8.3587311698e+02 5.2844529895e+02
3.0015000000e+02 7.0000000000e+01 -1.1037704581e+02 2.2238287592e-01 4.4574426453e+04 9.2353658135e+00 1.9877305977e+09 8.2371606018e+05 -4.9014612271e+06 9.0036968169e+03 -5.5947705971e+02 1.4293182266e-01 6.2042881157e+04 1.4021800899e+02 3.0598787793e+02 6.3397562505e-02 2.3223303126e-03 1.6829139208e-03 4.6076060980e-03 6.3056211736e-03 3.5782949699e+01 4.9203922339e+01 7.7527176960e+00 3.0784426943e+01 3.6846061377e+01 -3.2280603166e-01 5.5343210379e-01 1.0647423842e+03 1.2698890624e+03
3.1015000000e+02 7.0000000000e+01 -8.3962167190e+01 2.2920166856e-01 4.5618064126e+04 9.8091482552e+00 2.0819531163e+09 8.9634401149e+05 -3.8100800960e+06 9.7159468823e+03 -5.4357712723e+02 1.4141220367e-01 4.5938535193e+04 1.3630303890e+02 2.9898757042e+02 6.4290615152e-02 2.3063226674e-03 1.6394960470e-03 4.8394607236e-03 6.4849866016e-03 3.6172544410e+01 4.9286494502e+01 7.2475137911e+00 3.0995691098e+01 3.5373954257e+01 -3.0993330895e-01 5.6944235111e-01 1.0483064337e+03 1.2111497344e+03
3.2015000000e+02 7.0000000000e+01 -5.7910437953e+01 2.1702646466e-01 4.6679781881e+04 9.6334531749e+00 2.1800579186e+09 9.0030777422e+05 -2.6813742784e+06 9.6272818437e+03 -5.2822250610e+02 1.3090189388e-01 3.0897573042e+04 1.2223382484e+02 2.9218718706e+02 6.0299587346e-02 2.3004712564e-03 1.4710635874e-03 5.1174061604e-03 6.1683361078e-03 3.6587870373e+01 4.9471215292e+01 6.2923122870e+00 3.1293175958e+01 3.1206073848e+01 -2.9244529621e-01 5.3752663476e-01 1.0282434248e+03 1.0562599116e+03
3.3015000000e+02 7.0000000000e+01 -3.1978779103e+01 2.1819194887e-01 4.7770492508e+04 1.0041479037e+01 2.2832046984e+09 9.6008307876e+05 -1.5036974199e+06 1.0125106435e+04 -5.1328006678e+02 1.2685901207e-01 1.6733177958e+04 1.1624312945e+02 2.8551587903e+02 6.0016164027e-02 2.3141042406e-03 1.4046990409e-03 5.4408936775e-03 6.2339777932e-03 3.7027134726e+01 4.9853465999e+01 5.8440663917e+00 3.1595701660e+01 2.9380802364e+01 -2.6598341393e-01 5.3673591908e-01 1.0078210466e+03 9.7721273077e+02
3.4015000000e+02 7.0000000000e+01 -6.3918765315e+00 1.9552928900e-01 4.8880463711e+04 9.3759106032e+00 2.3905959307e+09 9.1645489996e+05 -2.8689737363e+05 9.4936704168e+03 -4.9887643951e+02 1.1167056662e-01 3.5117456948e+03 9.8533925054e+01 2.7903242164e+02 5.3522058551e-02 2.2725366780e-03 1.1986583033e-03 5.6465395391e-03 5.6471566207e-03 3.7488468248e+01 4.9799464110e+01 4.8810767984e+00 3.1912929747e+01 2.4741025855e+01 -2.6206623749e-01 4.8367883264e-01 9.9520024829e+02 8.2700791158e+02
3.5015000000e+02 7.0000000000e+01 1.8534074640e+01 1.9289791284e-01 4.9991986823e+04 9.2877005518e+00 2.5006088567e+09 9.2919242050e+05 9.5371188927e+05 9.8155611591e+03 -4.8514939957e+02 1.0988671251e-01 -8.6642135786e+03 9.1687025835e+01 2.7282840765e+02 5.0687094340e-02 2.2295922043e-03 1.1298099662e-03 5.8346568311e-03 5.4363904589e-03 3.7969973093e+01 4.9819885210e+01 4.5256941999e+00 3.2278210062e+01 2.2642087426e+01 -2.5884137739e-01 4.8005596224e-01 9.8467789011e+02 7.5183161931e+02
3.6015000000e+02 7.0000000000e+01 4.3065181270e+01 1.9330780176e-01 5.1114612876e+04 9.5234751055e+00 2.6142523683e+09 9.7439907943e+05 2.2304267197e+06 1.0277483164e+04 -4.7192906946e+02 1.0781311783e-01 -1.9988640590e+04 8.6927979329e+01 2.6683629970e+02 4.9715897557e-02 2.2137682867e-03 1.0825644504e-03 6.0934165794e-03 5.4202754634e-03 3.8469762099e+01 5.0094903438e+01 4.2989703494e+00 3.2680326508e+01 2.1299386531e+01 -2.4328233809e-01 4.8060770668e-01 9.7095854636e+02 6.9993329389e+02
3.7015000000e+02 7.0000000000e+01 6.7294170652e+01 1.9306237607e-01 5.2253693288e+04 9.7745648254e+00 2.7321445633e+09 1.0222200253e+06 3.5475661063e+06 1.0718646282e+04 -4.5917663894e+02 1.0540222987e-01 -3.0559656691e+04 8.2053210436e+01 2.6101952421e+02 4.8826257046e-02 2.1928048240e-03 1.0356592957e-03 6.3514627263e-03 5.4125121366e-03 3.8985990108e+01 5.0317922708e+01 4.0997754683e+00 3.3095195324e+01 2.0004150955e+01 -2.3003947671e-01 4.8049950270e-01 9.5764711317e+02 6.5286121248e+02
3.8015000000e+02 7.0000000000e+01 9.1194372088e+01 1.9361214095e-01 5.3407601757e+04 1.0003769953e+01 2.8542268124e+09 1.0695839631e+06 4.9038805960e+06 1.1220629982e+04 -4.4690239325e+02 1.0383709674e-01 -4.0408027433e+04 7.7668960883e+01 2.5538001542e+02 4.7835192760e-02 2.1781785890e-03 9.9665600335e-04 6.6172290593e-03 5.3944872363e-03 3.9516878020e+01 5.0653299052e+01 3.9530796271e+00 3.3531482001e+01 1.8906598228e+01 -2.1326393485e-01 4.8146203595e-01 9.4546608612e+02 6.1037162389e+02
3.9015000000e+02 7.0000000000e+01 1.1489444141e+02 1.9662605162e-01 5.4578755753e+04 1.0376114232e+01 2.9808518950e+09 1.1334692775e+06 6.3063470877e+06 1.1875572722e+04 -4.3500203327e+02 1.0317399087e-01 -4.9625783725e+04 7.4556150397e+01 2.4990005675e+02 4.7509172746e-02 2.1534151687e-03 9.7223719822e-04 6.8413487355e-03 5.4512853029e-03 4.0060730405e+01 5.0973945212e+01 3.8840481049e+00 3.3997372090e+01 1.8189204327e+01 -2.0130548759e-01 4.8897369342e-01 9.3647763024e+02 5.8409273183e+02
4.0015000000e+02 7.0000000000e+01 1.3809215234e+02 1.9243020165e-01 5.5750345806e+04 1.0394854550e+01 3.1102462949e+09 1.1596875024e+06 7.7358043177e+06 1.2099978352e+04 -4.2360842506e+02 9.9372160574e-02 -5.8144322552e+04 6.8953293298e+01 2.4464842259e+02 4.5615587346e-02 2.0924804613e-03 9.1521120976e-04 6.9650102587e-03 5.3242053746e-03 4.0615947596e+01 5.0963818005e+01 3.6968554932e+00 3.4468813867e+01 1.6833523307e+01 -2.0933313371e-01 4.8288209481e-01 9.3150613271e+02 5.4679546107e+02
4.1015000000e+02 7.0000000000e+01 1.6066474738e+02 1.9339868878e-01 5.6916710203e+04 1.0656764648e+01 3.2418195683e+09 1.2143696503e+06 9.1836366171e+06 1.2658469891e+04 -4.1278728279e+02 9.7843775477e-02 -6.5965911640e+04 6.5426894468e+01 2.3963497032e+02 4.4867903839e-02 2.0564453802e-03 8.8627280657e-04 7.1599106698e-03 5.3265951051e-03 4.1181033148e+01 5.1168116096e+01 3.6304827440e+00 3.4950379611e+01 1.6018322786e+01 -2.0481956440e-01 4.8719794680e-01 9.2372961061e+02 5.2047862011e+02
4.2015000000e+02 7.0000000000e+01 1.8300714611e+02 1.9500880500e-01 5.8097108106e+04 1.0969920670e+01 3.3777806553e+09 1.2757432022e+06 1.0673960338e+07 1.3263864151e+04 -4.0233772839e+02 9.6412242444e-02 -7.3269150034e+04 6.2438146658e+01 2.3476614594e+02 4.4328643557e-02 2.0497662991e-03 8.6161892241e-04 7.4380254379e-03 5.3521610136e-03 4.1754597497e+01 5.1666894491e+01 3.5901782187e+00 3.5449133331e+01 1.5386389168e+01 -1.8356229099e-01 4.8929833543e-01 9.1360149892e+02 4.9408935424e+02
4.3015000000e+02 7.0000000000e+01 2.0522567365e+02 1.9552053914e-01 5.9295424958e+04 1.1188973508e+01 3.5186473386e+09 1.3279667593e+06 1.2213183944e+07 1.3807651884e+04 -3.9219258367e+02 9.4919787279e-02 -8.0121574529e+04 5.9128892006e+01 2.3002169510e+02 4.3404809974e-02 2.0291569768e-03 8.3367640686e-04 7.6670128743e-03 5.3319781054e-03 4.2335358603e+01 5.2070772637e+01 3.5402699533e+00 3.5959598509e+01 1.4695270605e+01 -1.7031475102e-01 4.9011427231e-01 9.0613331458e+02 4.6906532638e+02
4.4015000000e+02 7.0000000000e+01 2.2710637556e+02 1.9511698299e-01 6.0499088673e+04 1.1376629903e+01 3.6630168397e+09 1.3777104598e+06 1.3786039727e+07 1.4296561332e+04 -3.8243913576e+02 9.2903630893e-02 -8.6487269650e+04 5.5827193723e+01 2.2544528288e+02 4.2394151763e-02 1.9883424265e-03 8.0375576062e-04 7.8257075905e-03 5.2983762741e-03 4.2922140237e+01 5.2304029932e+01 3.4847080352e+00 3.6481014159e+01 1.3973492829e+01 -1.6983116624e-01 4.9109779706e-01 9.0147095771e+02 4.4815454385e+02
4.5015000000e+02 7.0000000000e+01 2.4853919707e+02 1.9448424191e-01 6.1700708466e+04 1.1568848985e+01 3.8100312613e+09 1.4287601696e+06 1.5383379402e+07 1.4775285559e+04 -3.7311297514e+02 9.0723485205e-02 -9.2365667185e+04 5.2724668899e+01 2.2105474150e+02 4.1447642749e-02 1.9454197760e-03 7.7485381419e-04 7.9637037864e-03 5.2681275792e-03 4.3513868512e+01 5.2540908530e+01 3.4334952076e+00 3.7015610720e+01 1.3312797933e+01 -1.7164745227e-01 4.9167595471e-01 8.9794319442e+02 4.3018319259e+02
4.6015000000e+02 7.0000000000e+01 2.6955853894e+02 1.9379444840e-01 6.2899199800e+04 1.1692908376e+01 3.9595361206e+09 1.4719129121e+06 1.7005348639e+07 1.5230944518e+04 -3.6416877405e+02 8.9149637987e-02 -9.7795988560e+04 4.9701665609e+01 2.1684272938e+02 4.0310881133e-02 1.9017779236e-03 7.4671905190e-04 8.0749953581e-03 5.2085359005e-03 4.4109567143e+01 5.2806802775e+01 3.3825523962e+00 3.7559155094e+01 1.2694827843e+01 -1.7497977161e-01 4.9142797673e-01 8.9607313404e+02 4.1329208506e+02
4.7015000000e+02 7.0000000000e+01 2.9018059519e+02 1.9327567429e-01 6.4093190622e+04 1.1829837450e+01 4.1113416012e+09 1.5177044416e+06 1.8650980450e+07 1.5705732926e+04 -3.5557651465e+02 8.7554186968e-02 -1.0281142630e+05 4.6946411581e+01 2.1280317032e+02 3.9277603273e-02 1.8605454902e-03 7.2095462911e-04 8.1832149432e-03 5.1579528070e-03 4.4708351853e+01 5.3095152123e+01 3.3399747347e+00 3.8102241948e+01 1.2144768240e+01 -1.7785502589e-01 4.9142069757e-01 8.9454283868e+02 3.9839578654e+02
4.8015000000e+02 7.0000000000e+01 3.1046041110e+02 1.9374808454e-01 6.5286082691e+04 1.2072496502e+01 4.2658784039e+09 1.5779672166e+06 2.0323448751e+07 1.6279272000e+04 -3.4731542534e+02 8.5902804968e-02 -1.0745651524e+05 4.4776022632e+01 2.0891488045e+02 3.8631880784e-02 1.8289739376e-03 7.0062078575e-04 8.3314802910e-03 5.1546471561e-03 4.5309424258e+01 5.3446869587e+01 3.3208872184e+00 3.8643131726e+01 1.1703716234e+01 -1.7502148571e-01 4.9330909098e-01 8.9141349807e+02 3.8563299564e+02
4.9015000000e+02 7.0000000000e+01 3.3045292830e+02 1.9525827979e-01 6.6481860233e+04 1.2427176556e+01 4.4236599047e+09 1.6545956539e+06 2.2026289093e+07 1.6969575001e+04 -3.3937070669e+02 8.4356555766e-02 -1.1177419863e+05 4.3160997729e+01 2.0515722804e+02 3.8349184056e-02 1.8010122700e-03 6.8552524925e-04 8.4955991199e-03 5.1986708847e-03 4.5912065491e+01 5.3820610893e+01 3.3255423283e+00 3.9186967028e+01 1.1363843493e+01 -1.7032896008e-01 4.9794381099e-01 8.8769355928e+02 3.7603042368e+02
5.0015000000e+02 7.0000000000e+01 3.5016294020e+02 1.9991831946e-01 6.7680078805e+04 1.3020110098e+01 4.5846313660e+09 1.7654999364e+06 2.3758638026e+07 1.7977689629e+04 -3.3173308742e+02 8.3673709690e-02 -1.1578827770e+05 4.2455702777e+01 2.0152509278e+02 3.8768851070e-02 1.7709889458e-03 6.8244580025e-04 8.6408034207e-03 5.3389166705e-03 4.6515629773e+01 5.4190970944e+01 3.3882031626e+00 3.9739246096e+01 1.1245002188e+01 -1.6781571842e-01 5.1120498497e-01 8.8493633415e+02 3.7466112107e+02
5.1015000000e+02 7.0000000000e+01 3.6958413469e+02 2.0878626862e-01 6.8877978944e+04 1.3851773085e+01 4.7484217711e+09 1.9116547352e+06 2.5518098128e+07 1.9392361190e+04 -3.2438107726e+02 8.4688848535e-02 -1.1951283540e+05 4.2531453001e+01 1.9802024347e+02 3.9823054056e-02 1.7374046933e-03 6.9288872640e-04 8.7517875771e-03 5.5688234904e-03 4.7119538098e+01 5.4555827417e+01 3.5182620212e+00 4.0300917450e+01 1.1354874965e+01 -1.6878712907e-01 5.3515270915e-01 8.8381206915e+02 3.8150582852e+02
5.2015000000e+02 7.0000000000e+01 3.8871365382e+02 2.2089935096e-01 7.0072966295e+04 1.4800007165e+01 4.9146714711e+09 2.0774704707e+06 2.7302481394e+07 2.1121073886e+04 -3.1729139528e+02 8.7602686951e-02 -1.2296101068e+05 4.2820555116e+01 1.9464331084e+02 4.1110324672e-02 1.7030679489e-03 7.1170564562e-04 8.8446809663e-03 5.8349864262e-03 4.7723272124e+01 5.4926383079e+01 3.6922000327e+00 4.0867789890e+01 1.1581758042e+01 -1.7128659522e-01 5.6639994810e-01 8.8356620626e+02 3.9180550615e+02
5.3015000000e+02 7.0000000000e+01 4.0757634869e+02 2.3320608355e-01 7.1265581384e+04 1.5674218515e+01 5.0834536322e+09 2.2364251113e+06 2.9112765451e+07 2.2875391131e+04 -3.1044463636e+02 9.1588247727e-02 -1.2615396548e+05 4.2757296776e+01 1.9138599441e+02 4.2093614321e-02 1.6732252124e-03 7.2836190296e-04 8.9537607013e-03 6.0614717354e-03 4.8326368377e+01 5.5329954086e+01 3.8577205652e+00 4.1434815120e+01 1.1748819332e+01 -1.7109879615e-01 5.9634379484e-01 8.8275387796e+02 3.9852386756e+02
5.4015000000e+02 7.0000000000e+01 4.2621803530e+02 2.4167799720e-01 7.2458950182e+04 1.6295209108e+01 5.2552109483e+09 2.3627516643e+06 3.0952578442e+07 2.4290050065e+04 -3.0382647953e+02 9.4785354340e-02 -1.2911908105e+05 4.2049569386e+01 1.8823394661e+02 4.2331713522e-02 1.6487827771e-03 7.3177994257e-04 9.0891515696e-03 6.1833941191e-03 4.8928412804e+01 5.5767389639e+01 3.9565172494e+00 4.1998753080e+01 1.1700996503e+01 -1.6720515043e-01 6.1540958976e-01 8.8097039274e+02 3.9690049527e+02
5.5015000000e+02 7.0000000000e+01 4.4466477874e+02 2.4624801827e-01 7.3655060484e+04 1.6722781634e+01 5.4302295075e+09 2.4641240447e+06 3.2823816497e+07 2.5375680663e+04 -2.9743088730e+02 9.6394246325e-02 -1.3187905870e+05 4.1067257639e+01 1.8517714968e+02 4.2042963749e-02 1.6253889340e-03 7.2390207596e-04 9.2260353606e-03 6.2294999379e-03 4.9529035705e+01 5.6206990787e+01 3.9958177387e+00 4.2559143010e+01 1.1493867915e+01 -1.6305991222e-01 6.2495741377e-01 8.7921983136e+02 3.9043128964e+02
5.6015000000e+02 7.0000000000e+01 4.6289689399e+02 2.4865628217e-01 7.4851977093e+04 1.7048122092e+01 5.6082183197e+09 2.5523108651e+06 3.4723311629e+07 2.6279078523e+04 -2.9125804703e+02 9.6933015108e-02 -1.3444448420e+05 4.0126118842e+01 1.8221608420e+02 4.1501135589e-02 1.5976230320e-03 7.1048401695e-04 9.3280412253e-03 6.2366373403e-03 5.0127907074e+01 5.6612934756e+01 4.0031603644e+00 4.3118746492e+01 1.1223453446e+01 -1.6343159034e-01 6.3002744560e-01 8.7889336893e+02 3.8354745301e+02
5.7015000000e+02 7.0000000000e+01 4.8087873013e+02 2.5069560314e-01 7.6045658773e+04 1.7331811502e+01 5.7885673136e+09 2.6361871396e+06 3.6645702248e+07 2.7153672357e+04 -2.8530289305e+02 9.7689127760e-02 -1.3681799030e+05 3.9350687213e+01 1.7935585516e+02 4.0877571757e-02 1.5666918310e-03 6.9645884334e-04 9.3968678464e-03 6.2292553634e-03 5.0724732332e+01 5.7002660906e+01 4.0041062512e+00 4.3681914101e+01 1.0959995909e+01 -1.6750617257e-01 6.3442960810e-01 8.7992852224e+02 3.7780731594e+02
5.8015000000e+02 7.0000000000e+01 4.9862993851e+02 2.5681244673e-01 7.7235442746e+04 1.7853963785e+01 5.9711721384e+09 2.7599961816e+06 3.8591410464e+07 2.8489092235e+04 -2.7953909631e+02 1.0071807782e-01 -1.3900656795e+05 3.9333544019e+01 1.7659294328e+02 4.0821725130e-02 1.5390841157e-03 6.9382641123e-04 9.4699551717e-03 6.3085033164e-03 5.1319248454e+01 5.7434732560e+01 4.0688179841e+00 4.4251718796e+01 1.0886715822e+01 -1.6940019588e-01 6.4826699623e-01 8.8097096565e+02 3.7757493871e+02
5.9015000000e+02 7.0000000000e+01 5.1621104063e+02 2.7400799554e-01 7.8423675381e+04 1.9067662538e+01 6.1563739423e+09 2.9969261653e+06 4.0565354385e+07 3.1095946906e+04 -2.7392977566e+02 1.0899268762e-01 -1.4102219960e+05 4.0989018583e+01 1.7391730359e+02 4.2285654662e-02 1.5142244259e-03 7.1971865634e-04 9.5480357991e-03 6.6275874700e-03 5.1911220474e+01 5.7900665278e+01 4.3035447953e+00 4.4828213774e+01 1.1257338568e+01 -1.6947531960e-01 6.8885048094e-01 8.8193716381e+02 3.9160841946e+02
6.0015000000e+02 7.0000000000e+01 5.3361724165e+02 3.1222308041e-01 7.9608798767e+04 2.1534937823e+01 6.3438863044e+09 3.4421098901e+06 4.2565193778e+07 3.6141023833e+04 -2.6846402956e+02 1.2753901789e-01 -1.4287145588e+05 4.5321443067e+01 1.7132822466e+02 4.6345915558e-02 1.4841352400e-03 7.9587957577e-04 9.5893294139e-03 7.3671615895e-03 5.2500438338e+01 5.8315985552e+01 4.8498268043e+00 4.5407937375e+01 1.2367465714e+01 -1.7549293421e-01 7.8107927506e-01 8.8413655330e+02 4.3192726170e+02
3.0015000000e+02 8.0000000000e+01 -8.9148604896e+01 2.9051636260e-01 4.2747872820e+04 1.0971817343e+01 1.8280547598e+09 9.3775594625e+05 -3.7948324606e+06 1.1506301545e+04 -5.8137371000e+02 1.8013395248e-01 5.2104430395e+04 1.8534625087e+02 3.1906228919e+02 8.1891634062e-02 2.1012270272e-03 2.2158543627e-03 3.8054589753e-03 7.4881657255e-03 3.5782949699e+01 4.8508497832e+01 1.0504773605e+01 3.0999038003e+01 4.9984501993e+01 -3.8280413274e-01 7.1948161422e-01 1.1352553157e+03 1.8910403404e+03
3.1015000000e+02 8.0000000000e+01 -6.3567476242e+01 2.2843054654e-01 4.3651506427e+04 9.1077169712e+00 1.9062009381e+09 7.9439117453e+05 -2.7573957860e+06 9.4148300651e+03 -5.6619757036e+02 1.3668396798e-01 3.6277396118e+04 1.3830737399e+02 3.1245735317e+02 6.5193010991e-02 2.0877122055e-03 1.6449487778e-03 3.9959733293e-03 6.0136761222e-03 3.6172544410e+01 4.8644547520e+01 7.5526034795e+00 3.1275712872e+01 3.7033498476e+01 -3.7204914765e-01 5.6201644041e-01 1.1161095138e+03 1.4017292484e+03
3.2015000000e+02 8.0000000000e+01 -3.8194520780e+01 2.0798530842e-01 4.4574354485e+04 8.2716735710e+00 1.9877048605e+09 7.3756280903e+05 -1.6834734688e+06 8.9847752604e+03 -5.5145085083e+02 1.2469127844e-01 2.1359429262e+04 1.1926169974e+02 3.0598837197e+02 5.6782335015e-02 2.0952518153e-03 1.4224160343e-03 4.2217075523e-03 5.2941029861e-03 3.6587870373e+01 4.8978537421e+01 6.3469356141e+00 3.1524180437e+01 3.1114823278e+01 -3.5239263728e-01 5.0830977740e-01 1.0966914803e+03 1.1459587699e+03
3.3015000000e+02 8.0000000000e+01 -1.3007099794e+01 2.1577561670e-01 4.5512374981e+04 8.6780177244e+00 2.0722803141e+09 7.9021855640e+05 -5.7166570329e+05 9.7170244137e+03 -5.3706437050e+02 1.2696693130e-01 7.2915667585e+03 1.1759613265e+02 2.9968188137e+02 5.7141484691e-02 2.0610701833e-03 1.4014534626e-03 4.3577520539e-03 5.3864419920e-03 3.7027134726e+01 4.9080710981e+01 6.1253292428e+00 3.1852315793e+01 3.0141741460e+01 -3.4851518846e-01 5.2659604473e-01 1.0862340561e+03 1.1052468943e+03
3.4015000000e+02 8.0000000000e+01 1.1619899387e+01 2.0650330583e-01 4.6451662366e+04 8.5747818008e+00 2.1587469833e+09 7.9703858003e+05 5.6150760553e+05 9.6907729665e+03 -5.2325289970e+02 1.1936850645e-01 -5.7686528037e+03 1.0680437171e+02 2.9362208940e+02 5.4201404649e-02 2.0358885247e-03 1.2767253784e-03 4.5383785592e-03 5.1662652604e-03 3.7488468248e+01 4.9143700624e+01 5.4908762672e+00 3.2170646904e+01 2.7034181099e+01 -3.4186051062e-01 5.0389425961e-01 1.0706790614e+03 9.8911104897e+02
3.5015000000e+02 8.0000000000e+01 3.6042597767e+01 2.1217878853e-01 4.7410909032e+04 9.0569410857e+00 2.2488950391e+09 8.5926014799e+05 1.7324882049e+06 1.0371547139e+04 -5.0987555305e+02 1.1911023097e-01 -1.8055550230e+04 1.0416856523e+02 2.8768134674e+02 5.4955980850e-02 2.0496377878e-03 1.2511604781e-03 4.8025362694e-03 5.3010241386e-03 3.7969973093e+01 4.9588957206e+01 5.3248613814e+00 3.2508598866e+01 2.6113238977e+01 -3.1747892331e-01 5.1297981760e-01 1.0507567384e+03 9.3644049400e+02
3.6015000000e+02 8.0000000000e+01 6.0271062766e+01 2.0225230938e-01 4.8388496123e+04 8.9150708995e+00 2.3426456187e+09 8.6268808622e+05 2.9417042480e+06 1.0285836592e+04 -4.9690362263e+02 1.1150489074e-01 -2.9620931876e+04 9.4294669761e+01 2.8186935435e+02 5.1931460569e-02 2.0267212821e-03 1.1391631505e-03 4.9834804320e-03 5.0715090260e-03 3.8469762099e+01 4.9781450450e+01 4.8238826510e+00 3.2886309389e+01 2.3519732652e+01 -3.0877496563e-01 4.8818131349e-01 1.0380921214e+03 8.4182125444e+02
3.7015000000e+02 8.0000000000e+01 8.4054066930e+01 2.0068283504e-01 4.9369952474e+04 8.9557427709e+00 2.4386839627e+09 8.8445860161e+05 4.1764806963e+06 1.0618678029e+04 -4.8442170607e+02 1.0974303910e-01 -4.0384178993e+04 8.8540087185e+01 2.7626589609e+02 5.0114820408e-02 1.9889602082e-03 1.0819000960e-03 5.1198427017e-03 4.9577515885e-03 3.8985990108e+01 4.9918998245e+01 4.5749474002e+00 3.3311010589e+01 2.1927316507e+01 -3.0685287277e-01 4.8498031695e-01 1.0293121026e+03 7.8339935398e+02
3.8015000000e+02 8.0000000000e+01 1.0739237264e+02 1.9880443465e-01 5.0353091626e+04 9.0395093321e+00 2.5368265894e+09 9.1053439745e+05 5.4358274656e+06 1.0926691514e+04 -4.7240386475e+02 1.0721150691e-01 -5.0394027032e+04 8.3205115131e+01 2.7087183170e+02 4.8627569259e-02 1.9563494820e-03 1.0270183601e-03 5.2699898441e-03 4.8725796950e-03 3.9516878020e+01 5.0105173469e+01 4.3590421568e+00 3.3754139663e+01 2.0488943109e+01 -3.0294414034e-01 4.8038339516e-01 1.0197435149e+03 7.3102295988e+02
3.9015000000e+02 8.0000000000e+01 1.3032212907e+02 1.9872271623e-01 5.1341167672e+04 9.2315092544e+00 2.6374218640e+09 9.4830092169e+05 6.7208805051e+06 1.1345294508e+04 -4.6085141915e+02 1.0512867306e-01 -5.9716833902e+04 7.8865967833e+01 2.6565882271e+02 4.7767356909e-02 1.9311156134e-03 9.8556926942e-04 5.4469066207e-03 4.8490177621e-03 4.0060730405e+01 5.0323064379e+01 4.2144546931e+00 3.4192671214e+01 1.9334783440e+01 -2.9588919938e-01 4.8001486236e-01 1.0085093702e+03 6.8743303846e+02
4.0015000000e+02 8.0000000000e+01 1.5291942285e+02 1.9948884662e-01 5.2338277453e+04 9.4657614619e+00 2.7409299923e+09 9.9122016785e+05 8.0355089951e+06 1.1819647110e+04 -4.4973545612e+02 1.0332615550e-01 -6.8424841119e+04 7.5131094561e+01 2.6059768918e+02 4.7131003988e-02 1.9196964480e-03 9.5100087015e-04 5.6534565958e-03 4.8477684580e-03 4.0615947596e+01 5.0704514634e+01 4.1112172129e+00 3.4647149376e+01 1.8408395370e+01 -2.8146856805e-01 4.7980833339e-01 9.9666050663e+02 6.4841853499e+02
4.1015000000e+02 8.0000000000e+01 1.7544677713e+02 2.0213829595e-01 5.3353124637e+04 9.7246635576e+00 2.8483314781e+09 1.0381636807e+06 9.3948670241e+06 1.2416933840e+04 -4.3889367187e+02 1.0298463868e-01 -7.6643694595e+04 7.2073791990e+01 2.5564077555e+02 4.6595593993e-02 1.9193776818e-03 9.2710595239e-04 5.8769486476e-03 4.8591695670e-03 4.1181033148e+01 5.1273039213e+01 4.0616559626e+00 3.5138649607e+01 1.7750121726e+01 -2.6040933313e-01 4.8201699461e-01 9.8550988710e+02 6.1491702037e+02
4.2015000000e+02 8.0000000000e+01 1.9782282270e+02 2.0280040344e-01 5.4379643021e+04 9.9260640082e+00 2.9590401489e+09 1.0797650611e+06 1.0793477886e+07 1.2901062810e+04 -4.2833758566e+02 1.0155238866e-01 -8.4372538702e+04 6.8607425459e+01 2.5081507348e+02 4.5781956911e-02 1.8842202074e-03 8.9569380274e-04 6.0060313032e-03 4.8411323285e-03 4.1754597497e+01 5.1524038947e+01 3.9874372904e+00 3.5638665735e+01 1.6941414421e+01 -2.5863676770e-01 4.8375505504e-01 9.7965603792e+02 5.8822663182e+02
4.3015000000e+02 8.0000000000e+01 2.1959725860e+02 1.9921997587e-01 5.5397498689e+04 9.9498966634e+00 3.0708789903e+09 1.1025987087e+06 1.2202332146e+07 1.3121365287e+04 -4.1828336132e+02 9.8183222240e-02 -9.1494095032e+04 6.3956233862e+01 2.4620667869e+02 4.4220967893e-02 1.8259640666e-03 8.4859083688e-04 6.0672986914e-03 4.7399134021e-03 4.2335358603e+01 5.1535228987e+01 3.8449393224e+00 3.6133121830e+01 1.5823560802e+01 -2.7128066224e-01 4.7870368275e-01 9.7712867809e+02 5.5849324614e+02
4.4015000000e+02 8.0000000000e+01 2.4080654115e+02 1.9963585801e-01 5.6407834152e+04 1.0133984131e+01 3.1839689301e+09 1.1438675190e+06 1.3622352462e+07 1.3601497457e+04 -4.0870769810e+02 9.6689261955e-02 -9.8057526651e+04 6.0789502514e+01 2.4179680651e+02 4.3440153960e-02 1.7948385000e-03 8.2090750794e-04 6.1997135346e-03 4.7187485994e-03 4.2922140237e+01 5.1817374439e+01 3.7891890545e+00 3.6643368796e+01 1.5115718074e+01 -2.6888593697e-01 4.7967900323e-01 9.7124526224e+02 5.3452711114e+02
4.5015000000e+02 8.0000000000e+01 2.6182202796e+02 2.0135003698e-01 5.7427251673e+04 1.0401471376e+01 3.3001772967e+09 1.1953266272e+06 1.5077095727e+07 1.4180230778e+04 -3.9943040698e+02 9.5532569016e-02 -1.0421069269e+05 5.8299011871e+01 2.3750456034e+02 4.3017849787e-02 1.7892702278e-03 7.9999934879e-04 6.4107563650e-03 4.7358344365e-03 4.3513868512e+01 5.2356197494e+01 3.7665328928e+00 3.7171754492e+01 1.4595678602e+01 -2.5100622257e-01 4.8051672740e-01 9.6180472434e+02 5.1039848653e+02
4.6015000000e+02 8.0000000000e+01 2.8278717356e+02 2.0303746890e-01 5.8462246036e+04 1.0657685971e+01 3.4202895109e+09 1.2467360015e+06 1.6576169550e+07 1.4770749834e+04 -3.9038281833e+02 9.4466427076e-02 -1.1001983483e+05 5.5872649239e+01 2.3329986590e+02 4.2530639452e-02 1.7804096206e-03 7.8005904588e-04 6.6106826594e-03 4.7468586087e-03 4.4109567143e+01 5.2880406366e+01 3.7490515651e+00 3.7708174980e+01 1.4102885816e+01 -2.3503190150e-01 4.8165983274e-01 9.5356265828e+02 4.8850581656e+02
4.7015000000e+02 8.0000000000e+01 3.0356287729e+02 2.0311857113e-01 5.9504720179e+04 1.0811206416e+01 3.5434131756e+09 1.2869314085e+06 1.8109201442e+07 1.5243058251e+04 -3.8161079831e+02 9.3005815661e-02 -1.1546461118e+05 5.3128645056e+01 2.2921264261e+02 4.1644850779e-02 1.7513948569e-03 7.5483691355e-04 6.7351108845e-03 4.7122591197e-03 4.4708351853e+01 5.3237382074e+01 3.7047756898e+00 3.8251157815e+01 1.3516141218e+01 -2.3214611447e-01 4.8119145706e-01 9.4949874210e+02 4.6908785163e+02
4.8015000000e+02 8.0000000000e+01 3.2398586303e+02 2.0210389335e-01 6.0544934463e+04 1.0905145593e+01 3.6684298221e+09 1.3209646243e+06 1.9663284343e+07 1.5639250473e+04 -3.7316547488e+02 9.1242434765e-02 -1.2052082513e+05 5.0250097868e+01 2.2527457138e+02 4.0575681864e-02 1.7153942713e-03 7.2718925583e-04 6.8285543761e-03 4.6545041948e-03 4.5309424258e+01 5.3537054955e+01 3.6455144799e+00 3.8802573212e+01 1.2895405215e+01 -2.3457852596e-01 4.7906621077e-01 9.4705783870e+02 4.5061223547e+02
4.9015000000e+02 8.0000000000e+01 3.4407629979e+02 2.0261052092e-01 6.1583222806e+04 1.1083208784e+01 3.7953864129e+09 1.3656919221e+06 2.1238899762e+07 1.6156474394e+04 -3.6503052398e+02 8.9985872183e-02 -1.2521690683e+05 4.7973581357e+01 2.2147645964e+02 3.9859392398e-02 1.6860731709e-03 7.0638415616e-04 6.9420233442e-03 4.6342397656e-03 4.5912065491e+01 5.3897046345e+01 3.6171630944e+00 3.9357891379e+01 1.2412632138e+01 -2.3326854532e-01 4.7978570136e-01 9.4375605341e+02 4.3538009750e+02
5.0015000000e+02 8.0000000000e+01 3.6386805762e+02 2.0230477078e-01 6.2620938329e+04 1.1220142635e+01 3.9244267815e+09 1.4056162519e+06 2.2837276061e+07 1.6606209230e+04 -3.5718765621e+02 8.8425286971e-02 -1.2958675991e+05 4.5753487719e+01 2.1780628850e+02 3.9025566992e-02 1.6549574121e-03 6.8373364717e-04 7.0414948904e-03 4.5973077947e-03 4.6515629773e+01 5.4239430493e+01 3.5760345569e+00 3.9910637785e+01 1.1915098047e+01 -2.3393907764e-01 4.7874687115e-01 9.4133798750e+02 4.2043468640e+02
5.1015000000e+02 8.0000000000e+01 3.8331530384e+02 2.0138003451e-01 6.3654914826e+04 1.1318549839e+01 4.0551399335e+09 1.4414518051e+06 2.4453254239e+07 1.7007332926e+04 -3.4964624661e+02 8.6754839960e-02 -1.3364244066e+05 4.3560812907e+01 2.1426835929e+02 3.8099290684e-02 1.6205937566e-03 6.6026807589e-04 7.1189524390e-03 4.5468840451e-03 4.7119538098e+01 5.4552866948e+01 3.5264189189e+00 4.0461827089e+01 1.1417829099e+01 -2.3778193134e-01 4.7670502200e-01 9.4015395407e+02 4.0652997772e+02
5.2015000000e+02 8.0000000000e+01 4.0242853612e+02 2.0162942821e-01 6.4684895349e+04 1.1482529895e+01 4.1874837849e+09 1.4862372207e+06 2.6086369824e+07 1.7508729147e+04 -3.4239283888e+02 8.5635235700e-02 -1.3740581548e+05 4.1832304920e+01 2.1085655448e+02 3.7430170942e-02 1.5907280018e-03 6.4173675544e-04 7.2074813449e-03 4.5244568987e-03 4.7723272124e+01 5.4909694074e+01 3.4990511559e+00 4.1015902246e+01 1.1021443596e+01 -2.3912909560e-01 4.7688433861e-01 9.3856220381e+02 3.9517468748e+02
5.3015000000e+02 8.0000000000e+01 4.2127767183e+02 2.0281101654e-01 6.5713963880e+04 1.1719426037e+01 4.3218438029e+09 1.5413823816e+06 2.7741335116e+07 1.8103443242e+04 -3.3539302647e+02 8.4994479089e-02 -1.4090903263e+05 4.0588962126e+01 2.0755457980e+02 3.7015276556e-02 1.5668997332e-03 6.2715115630e-04 7.3155885203e-03 4.5312289656e-03 4.8326368377e+01 5.5327310180e+01 3.4905425845e+00 4.1575161672e+01 1.0713780547e+01 -2.3652488500e-01 4.7863011660e-01 9.3618571446e+02 3.8578399854e+02
5.4015000000e+02 8.0000000000e+01 4.3993263837e+02 2.0684194189e-01 6.6745000974e+04 1.2156795981e+01 4.4585954153e+09 1.6250192303e+06 2.9423173114e+07 1.8992409009e+04 -3.2861005047e+02 8.5467119009e-02 -1.4417865303e+05 4.0203611798e+01 2.0434840005e+02 3.7219593561e-02 1.5470705232e-03 6.2234954494e-04 7.4338864522e-03 4.6147916714e-03 4.8928412804e+01 5.5793736168e+01 3.5356813113e+00 4.2141040690e+01 1.0598624927e+01 -2.3125099456e-01 4.8695544778e-01 9.3356919209e+02 3.8277247437e+02
5.5015000000e+02 8.0000000000e+01 4.5843131618e+02 2.1720238747e-01 6.7778892410e+04 1.3005807802e+01 4.5978615021e+09 1.7669157869e+06 3.1134201438e+07 2.0527169833e+04 -3.2201622985e+02 8.8221032315e-02 -1.4723128613e+05 4.1270917453e+01 2.0123129304e+02 3.8613430050e-02 1.5266257699e-03 6.3673925975e-04 7.5428604368e-03 4.8493900252e-03 4.9529035705e+01 5.6263917060e+01 3.6918606810e+00 4.2712470067e+01 1.0825136195e+01 -2.2688699151e-01 5.1058069415e-01 9.3158361921e+02 3.9272269704e+02
5.6015000000e+02 8.0000000000e+01 4.7674436365e+02 2.3632125439e-01 6.8813181661e+04 1.4357831428e+01 4.7393127424e+09 1.9813502714e+06 3.2870719052e+07 2.2948707335e+04 -3.1561262024e+02 9.4639574181e-02 -1.5007361665e+05 4.3817220878e+01 1.9820670736e+02 4.1355717373e-02 1.5014646612e-03 6.7473639381e-04 7.6266790755e-03 5.2592676330e-03 5.0127907074e+01 5.6685121078e+01 3.9900627346e+00 4.3283673363e+01 1.1430528435e+01 -2.2696378119e-01 5.5498527863e-01 9.3077685252e+02 4.1763265106e+02
5.7015000000e+02 8.0000000000e+01 4.9481139274e+02 2.6348033698e-01 6.9844444519e+04 1.6062907537e+01 4.8824771049e+09 2.2491230224e+06 3.4626309143e+07 2.6156021687e+04 -3.0942018128e+02 1.0585846346e-01 -1.5271182509e+05 4.7157595793e+01 1.9528015799e+02 4.4910760521e-02 1.4735106096e-03 7.3047329615e-04 7.6949432286e-03 5.7796953099e-03 5.0724732332e+01 5.7063411903e+01 4.4012817942e+00 4.3847318773e+01 1.2278691397e+01 -2.3016729713e-01 6.1665393955e-01 9.3062684863e+02 4.5140266327e+02
5.8015000000e+02 8.0000000000e+01 5.1260733029e+02 2.9139141061e-01 7.0871725154e+04 1.7686071970e+01 5.0272108330e+09 2.5101560973e+06 3.6397970781e+07 2.9420970199e+04 -3.0345298012e+02 1.2033492191e-01 -1.5516065842e+05 5.0440012720e+01 1.9244958593e+02 4.8025883665e-02 1.4473028297e-03 7.8214728727e-04 7.7675424861e-03 6.2507396517e-03 5.1319248454e+01 5.7440584268e+01 4.7997108726e+00 4.4399026611e+01 1.3020378212e+01 -2.3270016301e-01 6.7723820929e-01 9.3029864999e+02 4.8022416330e+02
5.9015000000e+02 8.0000000000e+01 5.3015886175e+02 3.1161756083e-01 7.1896937720e+04 1.8917968601e+01 5.1737731490e+09 2.7212382669e+06 3.8187764192e+07 3.1988452546e+04 -2.9770637203e+02 1.3382681062e-01 -1.5744109301e+05 5.3744449537e+01 1.8970535593e+02 4.9916450974e-02 1.4261648495e-03 8.1041395602e-04 7.8583559731e-03 6.5697126489e-03 5.1911220474e+01 5.7856780561e+01 5.0678798833e+00 4.4939784037e+01 1.3405774378e+01 -2.3144719628e-01 7.1857920153e-01 9.2930012626e+02 4.9542379767e+02
6.0015000000e+02 8.0000000000e+01 5.4753672926e+02 3.2420000361e-01 7.2923887114e+04 1.9968127332e+01 5.3227091811e+09 2.9123748238e+06 4.0002168152e+07 3.3995658536e+04 -2.9215342680e+02 1.4309072706e-01 -1.5957320282e+05 5.7815317971e+01 1.8703383349e+02 5.1213882726e-02 1.4112655635e-03 8.2061899244e-04 7.9700648095e-03 6.8177753193e-03 5.2500438338e+01 5.8340023013e+01 5.2328992650e+00 4.5476313155e+01 1.3584303376e+01 -2.2498722271e-01 7.4352583466e-01 9.2768313152e+02 5.0339062755e+02
3.0015000000e+02 9.0000000000e+01 -6.5504339206e+01 2.8761563262e-01 4.1269272409e+04 9.9258473613e+00 1.7037151015e+09 8.1779203739e+05 -2.6887344578e+06 1.1237915356e+04 -6.0010388615e+02 1.7773116257e-01 3.9581561298e+04 1.8475461981e+02 3.3049369093e+02 7.9488436276e-02 1.9736490701e-03 2.2140926236e-03 3.2876533853e-03 6.7691870708e-03 3.5782949699e+01 4.8513410449e+01 1.0790988457e+01 3.1251057812e+01 5.1295839759e+01 -4.0784016801e-01 7.0327337264e-01 1.1952918088e+03 2.0581370956e+03
3.1015000000e+02 9.0000000000e+01 -4.0167237505e+01 2.9212682068e-01 4.2080495239e+04 1.0179622410e+01 1.7713785152e+09 8.5685579290e+05 -1.6747459210e+06 1.1912591269e+04 -5.8527531374e+02 1.7528433589e-01 2.3786989953e+04 1.7783687568e+02 3.2412247248e+02 7.8407926655e-02 1.9283329247e-03 2.1286591821e-03 3.3876926287e-03 6.7249908492e-03 3.6172544410e+01 4.8336599580e+01 1.0085218189e+01 3.1486842604e+01 4.8171109556e+01 -4.1156031936e-01 7.1633332496e-01 1.1824068030e+03 1.9334872794e+03
3.2015000000e+02 9.0000000000e+01 -1.5333198409e+01 2.5649086867e-01 4.2893905625e+04 9.4060288417e+00 1.8405521428e+09 8.0621414009e+05 -6.4112414045e+05 1.0839958676e+04 -5.7097814137e+02 1.5008541107e-01 9.0401544332e+03 1.4909595848e+02 3.1797603789e+02 6.9727662701e-02 1.8973656103e-03 1.7679066785e-03 3.5074488980e-03 6.0167669906e-03 3.6587870373e+01 4.8332560054e+01 8.2195939418e+00 3.1754230257e+01 4.0022955509e+01 -4.0977083719e-01 6.2642275816e-01 1.1682242898e+03 1.6231682811e+03
3.3015000000e+02 9.0000000000e+01 8.9655321704e+00 2.3599631203e-01 4.3710715745e+04 8.9228936314e+00 1.9113596037e+09 7.7939588690e+05 4.0976401951e+05 1.0371431435e+04 -5.5726031748e+02 1.3705685284e-01 -4.7033956017e+03 1.3037180122e+02 3.1203410715e+02 6.3697130097e-02 1.8878756991e-03 1.5450344837e-03 3.6785925758e-03 5.5349689606e-03 3.7027134726e+01 4.8492414433e+01 7.0635912349e+00 3.2046981852e+01 3.4443259774e+01 -3.9940295561e-01 5.7304386457e-01 1.1481574763e+03 1.3845618291e+03
3.4015000000e+02 9.0000000000e+01 3.3346304851e+01 2.3113779428e-01 4.4552058097e+04 8.7761583815e+00 1.9857023731e+09 7.8156772420e+05 1.5052906446e+06 1.0560154876e+04 -5.4377824047e+02 1.3426335144e-01 -1.7824073826e+04 1.2129533647e+02 3.0614150597e+02 6.0305773927e-02 1.9177044351e-03 1.4402066977e-03 3.9023901051e-03 5.2847283441e-03 3.7488468248e+01 4.9197848891e+01 6.5070850262e+00 3.2400068866e+01 3.1608721528e+01 -3.7033808754e-01 5.5093647953e-01 1.1273886090e+03 1.2270861851e+03
3.5015000000e+02 9.0000000000e+01 5.7543698938e+01 2.3196142901e-01 4.5403694192e+04 8.9608992224e+00 2.0623646364e+09 8.1313639004e+05 2.6332529743e+06 1.0993917186e+04 -5.3061288654e+02 1.3259711838e-01 -3.0221583704e+04 1.1590571797e+02 3.0039921647e+02 5.9286962288e-02 1.8582600811e-03 1.3770690640e-03 3.9599182303e-03 5.2414374957e-03 3.7969973093e+01 4.9046399369e+01 6.1843130096e+00 3.2740187638e+01 2.9798571223e+01 -3.8036558221e-01 5.5552057739e-01 1.1222005473e+03 1.1716975351e+03
3.6015000000e+02 9.0000000000e+01 8.0908916490e+01 2.2531807645e-01 4.6244429159e+04 8.9242243353e+00 2.1394854353e+09 8.2508389383e+05 3.7633466307e+06 1.1081021130e+04 -5.1813849662e+02 1.2712715095e-01 -4.1606576847e+04 1.0702297088e+02 2.9493788567e+02 5.6916949880e-02 1.8255327147e-03 1.2775244124e-03 4.0801169191e-03 5.0759297740e-03 3.8469762099e+01 4.9092813673e+01 5.7228871587e+00 3.3092427902e+01 2.7242991033e+01 -3.7951300525e-01 5.3958930403e-01 1.1103069562e+03 1.0738709428e+03
3.7015000000e+02 9.0000000000e+01 1.0409697826e+02 2.3122714278e-01 4.7099641207e+04 9.3461149581e+00 2.2194104266e+09 8.8013029673e+05 4.9265125216e+06 1.1790510035e+04 -5.0602879767e+02 1.2750355825e-01 -5.2349782968e+04 1.0455818608e+02 2.8958254905e+02 5.7462683875e-02 1.8389445234e-03 1.2539535089e-03 4.2967129893e-03 5.1724929903e-03 3.8985990108e+01 4.9633407220e+01 5.6290682062e+00 3.3494384127e+01 2.6396756611e+01 -3.5640466527e-01 5.4667049761e-01 1.0913063461e+03 1.0174324993e+03
3.8015000000e+02 9.0000000000e+01 1.2724614173e+02 2.2736628370e-01 4.7973122016e+04 9.4128424805e+00 2.3025448069e+09 9.0246758536e+05 6.1296315757e+06 1.2010587307e+04 -4.9419464940e+02 1.2335387659e-01 -6.2549047703e+04 9.7845237586e+01 2.8430991328e+02 5.5784662680e-02 1.8318310637e-03 1.1808775343e-03 4.4655343004e-03 5.0713330405e-03 3.9516878020e+01 5.0046684095e+01 5.3315020733e+00 3.3927933845e+01 2.4636653108e+01 -3.4233200664e-01 5.3308896930e-01 1.0778944393e+03 9.4007298309e+02
3.9015000000e+02 9.0000000000e+01 1.5015024007e+02 2.2726508756e-01 4.8853528230e+04 9.5235124690e+00 2.3878710875e+09 9.2993920180e+05 7.3619972897e+06 1.2427207674e+04 -4.8269527754e+02 1.2220109667e-01 -7.2134831006e+04 9.2797439576e+01 2.7918626667e+02 5.4424603260e-02 1.8019459729e-03 1.1318663336e-03 4.5747537173e-03 4.9997454544e-03 4.0060730405e+01 5.0303939884e+01 5.1521799990e+00 3.4391955737e+01 2.3310318763e+01 -3.3922560877e-01 5.3113283715e-01 1.0701426646e+03 8.8765684492e+02
4.0015000000e+02 9.0000000000e+01 1.7259815842e+02 2.2443507912e-01 4.9731427615e+04 9.5775729461e+00 2.4744949025e+09 9.5194124324e+05 8.6114006060e+06 1.2692277325e+04 -4.7161961234e+02 1.1920887801e-01 -8.1055961441e+04 8.7156607491e+01 2.7425784487e+02 5.2818200508e-02 1.7598335381e-03 1.0732373976e-03 4.6588246428e-03 4.9022740185e-03 4.0615947596e+01 5.0419141746e+01 4.9408199107e+00 3.4859430133e+01 2.1814826007e+01 -3.4317722545e-01 5.2495662994e-01 1.0639466985e+03 8.3672698852e+02
4.1015000000e+02 9.0000000000e+01 1.9450184019e+02 2.2302815331e-01 5.0604992274e+04 9.7095795318e+00 2.5622314619e+09 9.8222567330e+05 9.8719530108e+06 1.3044889696e+04 -4.6103203196e+02 1.1659672619e-01 -8.9325555845e+04 8.2405256620e+01 2.6952349061e+02 5.1713470355e-02 1.7254258840e-03 1.0257977040e-03 4.7676126007e-03 4.8492124248e-03 4.1181033148e+01 5.0568174937e+01 4.7865403122e+00 3.5323831753e+01 2.0535664905e+01 -3.4407292727e-01 5.2185179451e-01 1.0554944288e+03 7.9108604718e+02
4.2015000000e+02 9.0000000000e+01 2.1601720430e+02 2.2366299974e-01 5.1481411087e+04 9.9306293848e+00 2.6518075648e+09 1.0220972928e+06 1.1151812594e+07 1.3522560166e+04 -4.5086974178e+02 1.1464933614e-01 -9.7044416757e+04 7.8741355744e+01 2.6493512653e+02 5.1105292123e-02 1.7133578791e-03 9.9065210930e-04 4.9287133075e-03 4.8418577765e-03 4.1754597497e+01 5.0958902781e+01 4.6941730859e+00 3.5805910396e+01 1.9590324074e+01 -3.3287037141e-01 5.2026032976e-01 1.0439894835e+03 7.4900647701e+02
4.3015000000e+02 9.0000000000e+01 2.3750219251e+02 2.2738166495e-01 5.2373090016e+04 1.0228526906e+01 2.7445365200e+09 1.0710103996e+06 1.2471883650e+07 1.4193864101e+04 -4.4093550607e+02 1.1463965580e-01 -1.0436006817e+05 7.6100878020e+01 2.6042446905e+02 5.0861209216e-02 1.7219606846e-03 9.7041205299e-04 5.1311091157e-03 4.8712380072e-03 4.2335358603e+01 5.1637069553e+01 4.6749548692e+00 3.6324632454e+01 1.9040196497e+01 -3.0933408815e-01 5.2191247765e-01 1.0314155168e+03 7.1289519578e+02
4.4015000000e+02 9.0000000000e+01 2.5905184726e+02 2.2949553294e-01 5.3281521796e+04 1.0431410025e+01 2.8406305952e+09 1.1109459957e+06 1.3837765624e+07 1.4767792372e+04 -4.3115361919e+02 1.1443092667e-01 -1.1131986078e+05 7.2986158876e+01 2.5598432065e+02 5.0116387794e-02 1.7106068296e-03 9.4398480084e-04 5.2813293846e-03 4.8544632516e-03 4.2922140237e+01 5.2136947189e+01 4.6292019848e+00 3.6853706413e+01 1.8339712970e+01 -2.9699098986e-01 5.2238362205e-01 1.0229488146e+03 6.7974138404e+02
4.5015000000e+02 9.0000000000e+01 2.8023297027e+02 2.2678609129e-01 5.4189496609e+04 1.0531644549e+01 2.9383030884e+09 1.1407655584e+06 1.5222042734e+07 1.5064993184e+04 -4.2173434453e+02 1.1117135514e-01 -1.1781447811e+05 6.8913200229e+01 2.5169516260e+02 4.8916564150e-02 1.6662551784e-03 9.0122904290e-04 5.3492102659e-03 4.7923104242e-03 4.3513868512e+01 5.2254042845e+01 4.5061557259e+00 3.7362259623e+01 1.7299563563e+01 -3.0486226988e-01 5.1808974779e-01 1.0192039836e+03 6.5000880145e+02
4.6015000000e+02 9.0000000000e+01 3.0081922669e+02 2.2546762245e-01 5.5088123220e+04 1.0666763295e+01 3.0365969035e+09 1.1745013896e+06 1.6609260794e+07 1.5451007129e+04 -4.1278884044e+02 1.0825836579e-01 -1.2380679082e+05 6.5464182886e+01 2.4758937794e+02 4.7940955955e-02 1.6262033036e-03 8.6644397441e-04 5.4162951480e-03 4.7482038877e-03 4.4109567143e+01 5.2425970239e+01 4.4174454401e+00 3.7868505776e+01 1.6453315136e+01 -3.1108573368e-01 5.1625049830e-01 1.0160544644e+03 6.2553986810e+02
4.7015000000e+02 9.0000000000e+01 3.2102919638e+02 2.2648387056e-01 5.5984076333e+04 1.0800576690e+01 3.1362197107e+09 1.2085627850e+06 1.8011927851e+07 1.5962430561e+04 -4.0418499075e+02 1.0743176908e-01 -1.2938271043e+05 6.2565127282e+01 2.4362702850e+02 4.7001086333e-02 1.6023943963e-03 8.4093245000e-04 5.5115886968e-03 4.7054983714e-03 4.4708351853e+01 5.2819731089e+01 4.3695301603e+00 3.8397117381e+01 1.5839335584e+01 -3.0746999521e-01 5.1594426830e-01 1.0121564516e+03 6.0174169819e+02
4.8015000000e+02 9.0000000000e+01 3.4105884237e+02 2.2723217916e-01 5.6883918069e+04 1.0952294230e+01 3.2379057331e+09 1.2454802182e+06 1.9442153087e+07 1.6469795839e+04 -3.9581183776e+02 1.0654929365e-01 -1.3461623707e+05 5.9863701076e+01 2.3977311379e+02 4.6165344791e-02 1.5882099261e-03 8.1611027211e-04 5.6367856153e-03 4.6726949908e-03 4.5309424258e+01 5.3316869228e+01 4.3241544311e+00 3.8941079577e+01 1.5275716619e+01 -2.9793736968e-01 5.1385364562e-01 1.0064966314e+03 5.7711692685e+02
4.9015000000e+02 9.0000000000e+01 3.6100172563e+02 2.2895884012e-01 5.7792481452e+04 1.1198011804e+01 3.3422367308e+09 1.2939651722e+06 2.0906822330e+07 1.7080396945e+04 -3.8763842715e+02 1.0536912469e-01 -1.3955243655e+05 5.7745679936e+01 2.3600360839e+02 4.5728633310e-02 1.5815430986e-03 7.9672601586e-04 5.7935070457e-03 4.6804492025e-03 4.5912065491e+01 5.3875165071e+01 4.3068523465e+00 3.9490430516e+01 1.4823773700e+01 -2.8364351751e-01 5.1365513573e-01 9.9889141690e+02 5.5504035370e+02
5.0015000000e+02 9.0000000000e+01 3.8087775309e+02 2.3098825653e-01 5.8710709442e+04 1.1432257746e+01 3.4493500257e+09 1.3417590709e+06 2.2407381076e+07 1.7712098635e+04 -3.7965706706e+02 1.0445890148e-01 -1.4421136766e+05 5.5758819912e+01 2.3231254212e+02 4.5236327143e-02 1.5685424617e-03 7.7883634274e-04 5.9263148612e-03 4.6823821017e-03 4.6515629773e+01 5.4386604517e+01 4.2948944164e+00 4.0048015418e+01 1.4397565852e+01 -2.7361538440e-01 5.1469594520e-01 9.9317729758e+02 5.3620260280e+02
5.1015000000e+02 9.0000000000e+01 4.0054764627e+02 2.3065185574e-01 5.9630708233e+04 1.1522558625e+01 3.5583399023e+09 1.3732853959e+06 2.3932401298e+07 1.8148778665e+04 -3.7190478008e+02 1.0349058153e-01 -1.4857162448e+05 5.3273911789e+01 2.2872836101e+02 4.4197629495e-02 1.5389799220e-03 7.5346392842e-04 5.9964941425e-03 4.6264275460e-03 4.7119538098e+01 5.4744652171e+01 4.2379989130e+00 4.0612206254e+01 1.3821732715e+01 -2.7531141916e-01 5.1240882208e-01 9.9136559530e+02 5.1767442733e+02
5.2015000000e+02 9.0000000000e+01 4.1986681846e+02 2.2931277631e-01 6.0545310268e+04 1.1602482614e+01 3.6683678004e+09 1.4042720526e+06 2.5470001839e+07 1.8526965572e+04 -3.6443330486e+02 1.0190296520e-01 -1.5261960780e+05 5.0962907055e+01 2.2527317309e+02 4.3169785778e-02 1.5063516656e-03 7.2685637221e-04 6.0560900096e-03 4.5693777521e-03 4.7723272124e+01 5.5049461409e+01 4.1702116766e+00 4.1170706251e+01 1.3226077239e+01 -2.8003254107e-01 5.0905488801e-01 9.8999153191e+02 5.0031767426e+02
5.3015000000e+02 9.0000000000e+01 4.3885731231e+02 2.2928054805e-01 6.1456490893e+04 1.1779542517e+01 3.7796649535e+09 1.4472847808e+06 2.7021515706e+07 1.9031332684e+04 -3.5724618723e+02 9.9863106775e-02 -1.5638605362e+05 4.9318721805e+01 2.2193317520e+02 4.2538570542e-02 1.4824650543e-03 7.0618878381e-04 6.1460378054e-03 4.5518177447e-03 4.8326368377e+01 5.5421734795e+01 4.1316018663e+00 4.1718559727e+01 1.2759103928e+01 -2.7920729924e-01 5.0799359644e-01 9.8688529442e+02 4.8533790342e+02
5.4015000000e+02 9.0000000000e+01 4.5759875069e+02 2.2989070425e-01 6.2367874070e+04 1.1944969599e+01 3.8926519753e+09 1.4891575032e+06 2.8592302981e+07 1.9571271569e+04 -3.5031074895e+02 9.8246834461e-02 -1.5990630664e+05 4.7780047375e+01 2.1869006060e+02 4.1884482428e-02 1.4613181851e-03 6.8781398185e-04 6.2356003963e-03 4.5299749093e-03 4.8928412804e+01 5.5835513968e+01 4.1009775121e+00 4.2265896584e+01 1.2353199559e+01 -2.7677827562e-01 5.0742669689e-01 9.8425256580e+02 4.7130534768e+02
5.5015000000e+02 9.0000000000e+01 4.7610385482e+02 2.3039234510e-01 6.3278217525e+04 1.2045855049e+01 4.0071596901e+09 1.5235531684e+06 3.0181662847e+07 2.0073016064e+04 -3.4359817640e+02 9.7624037167e-02 -1.6319106425e+05 4.6119082378e+01 2.1554390584e+02 4.1031665368e-02 1.4361742900e-03 6.6909659439e-04 6.2976162859e-03 4.4850607396e-03 4.9529035705e+01 5.6233531115e+01 4.0635961801e+00 4.2822738885e+01 1.1951313042e+01 -2.7779789382e-01 5.0634984586e-01 9.8356821438e+02 4.5827081576e+02
5.6015000000e+02 9.0000000000e+01 4.9435445074e+02 2.3105030845e-01 6.4185040417e+04 1.2151343096e+01 4.1228720963e+09 1.5591481940e+06 3.1786592484e+07 2.0585309567e+04 -3.3709450692e+02 9.7683962889e-02 -1.6624492067e+05 4.4727734792e+01 2.1249864566e+02 4.0229684894e-02 1.4100713619e-03 6.5153297538e-04 6.3512457074e-03 4.4439024310e-03 5.0127907074e+01 5.6626734452e+01 4.0297972685e+00 4.3388123818e+01 1.1575747540e+01 -2.8016871012e-01 5.0563264169e-01 9.8337187461e+02 4.4673188832e+02
5.7015000000e+02 9.0000000000e+01 5.1238100926e+02 2.3330922661e-01 6.5089442575e+04 1.2361897545e+01 4.2399286668e+09 1.6090123919e+06 3.3409025852e+07 2.1258358746e+04 -3.3078351681e+02 9.8554622756e-02 -1.6908506213e+05 4.4003652746e+01 2.0954602806e+02 3.9797337744e-02 1.3896847184e-03 6.3940390793e-04 6.4272655191e-03 4.4423118734e-03 5.0724732332e+01 5.7072592231e+01 4.0271500120e+00 4.3957027879e+01 1.1306647328e+01 -2.7857383734e-01 5.0787690352e-01 9.8185374688e+02 4.3772122146e+02
5.8015000000e+02 9.0000000000e+01 5.3027151677e+02 2.4006207235e-01 6.5995526927e+04 1.2776438373e+01 4.3588594666e+09 1.6868520186e+06 3.5056280244e+07 2.2345570945e+04 -3.2463036874e+02 1.0187150982e-01 -1.7173510297e+05 4.4151366436e+01 2.0666906979e+02 4.0010206095e-02 1.3758800680e-03 6.3932863915e-04 6.5263071917e-03 4.5131379512e-03 5.1319248454e+01 5.7591251705e+01 4.0991830714e+00 4.4528657868e+01 1.1258001901e+01 -2.7197182875e-01 5.1853111687e-01 9.7923506784e+02 4.3464143297e+02
5.9015000000e+02 9.0000000000e+01 5.4808042375e+02 2.5480394379e-01 6.6905149251e+04 1.3529230772e+01 4.4799047394e+09 1.8122417935e+06 3.6732417022e+07 2.4170331534e+04 -3.1860465186e+02 1.1016945241e-01 -1.7420836593e+05 4.5674199428e+01 2.0385925916e+02 4.1223418423e-02 1.3608599565e-03 6.5858986617e-04 6.6143870006e-03 4.6998792589e-03 5.1911220474e+01 5.8106783728e+01 4.2978590871e+00 4.5103884293e+01 1.1537764134e+01 -2.6664535894e-01 5.4535423891e-01 9.7745421785e+02 4.4376576902e+02
6.0015000000e+02 9.0000000000e+01 5.6574042146e+02 2.8320029699e-01 6.7814294479e+04 1.4906986451e+01 4.6025230728e+09 2.0263448128e+06 3.8430177534e+07 2.7306287833e+04 -3.1272166398e+02 1.2674643273e-01 -1.7650462229e+05 4.9862669621e+01 2.0112624138e+02 4.4211713447e-02 1.3368860168e-03 7.0946019497e-04 6.6639827962e-03 5.0952640630e-03 5.2500438338e+01 5.8517354510e+01 4.7123201411e+00 4.5678776265e+01 1.2320411275e+01 -2.6943474370e-01 6.0126619219e-01 9.7765091094e+02 4.7476564243e+02
